# This file was produced by samtools stats (1.10+htslib-1.10.2) and can be plotted using plot-bamstats
# This file contains statistics for all reads.
# The command line was:  stats lane1.sorted.bam
# CHK, Checksum	[2]Read Names	[3]Sequences	[4]Qualities
# CHK, CRC32 of reads which passed filtering followed by addition (32bit overflow)
CHK	2bd340ac	3072a2d0	3819e104
# Summary Numbers. Use `grep ^SN | cut -f 2-` to extract this part.
SN	raw total sequences:	397506
SN	filtered sequences:	0
SN	sequences:	397506
SN	is sorted:	1
SN	1st fragments:	198753
SN	last fragments:	198753
SN	reads mapped:	303036
SN	reads mapped and paired:	291938	# paired-end technology bit set + both mates mapped
SN	reads unmapped:	94470
SN	reads properly paired:	282478	# proper-pair bit set
SN	reads paired:	397506	# paired-end technology bit set
SN	reads duplicated:	0	# PCR or optical duplicate bit set
SN	reads MQ0:	23798	# mapped and MQ=0
SN	reads QC failed:	0
SN	non-primary alignments:	2744
SN	total length:	42930648	# ignores clipping
SN	total first fragment length:	21465324	# ignores clipping
SN	total last fragment length:	21465324	# ignores clipping
SN	bases mapped:	32727888	# ignores clipping
SN	bases mapped (cigar):	31886170	# more accurate
SN	bases trimmed:	0
SN	bases duplicated:	0
SN	mismatches:	371315	# from NM fields
SN	error rate:	1.164502e-02	# mismatches / bases mapped (cigar)
SN	average length:	108
SN	average first fragment length:	108
SN	average last fragment length:	108
SN	maximum length:	108
SN	maximum first fragment length:	108
SN	maximum last fragment length:	108
SN	average quality:	29.4
SN	insert size average:	275.9
SN	insert size standard deviation:	47.7
SN	inward oriented pairs:	142274
SN	outward oriented pairs:	585
SN	pairs with other orientation:	871
SN	pairs on different chromosomes:	2239
SN	percentage of properly paired reads (%):	71.1
# First Fragment Qualities. Use `grep ^FFQ | cut -f 2-` to extract this part.
# Columns correspond to qualities and rows to cycles. First column is the cycle number.
FFQ	1	0	0	0	0	0	347	98	252	845	12	32	15	12	12	60	43	27	3	54	91	2	17	76	84	330	267	88	351	343	313	1137	2011	3427	10445	35591	142361	7	0	0	0
FFQ	2	0	0	0	12	0	49	24	20	35	73	79	72	82	56	74	145	115	70	214	192	116	147	185	266	496	388	231	571	898	553	1578	1805	5088	16182	50958	117941	34	4	0	0
FFQ	3	0	0	0	35	16	37	38	43	52	84	73	108	86	62	82	158	108	66	231	195	104	155	254	312	451	306	261	569	954	570	1504	1733	4866	21244	54865	109107	23	1	0	0
FFQ	4	0	0	0	51	25	12	55	74	70	76	76	101	113	75	143	148	97	122	191	230	136	245	327	306	371	278	315	495	822	514	1520	1744	5037	25899	58029	101038	18	0	0	0
FFQ	5	0	0	0	49	25	38	47	63	68	98	105	107	104	63	142	115	128	106	181	163	102	276	319	272	324	174	361	448	677	502	1337	1760	4722	26547	57487	101825	18	0	0	0
FFQ	6	0	0	0	65	33	41	51	60	64	70	56	82	71	46	100	85	79	68	90	118	95	148	231	185	254	230	386	429	496	575	1987	1771	4944	27100	58447	100287	9	0	0	0
FFQ	7	0	0	0	82	29	47	49	49	79	83	62	84	71	51	79	96	80	79	99	151	78	198	246	233	299	272	377	529	501	607	2282	1663	5998	30115	64548	89527	10	0	0	0
FFQ	8	0	0	0	90	36	44	41	51	58	77	55	82	63	65	64	106	64	78	103	126	92	152	234	182	289	273	352	442	498	566	2099	1558	5261	28580	64513	92454	5	0	0	0
FFQ	9	0	0	0	103	33	34	47	55	64	78	61	71	73	40	82	86	77	80	86	104	79	160	210	182	281	270	326	476	499	551	2072	1573	5206	27559	61444	96685	5	1	0	0
FFQ	10	0	0	0	102	40	36	55	73	73	78	67	78	78	52	95	102	60	67	86	148	109	179	221	223	297	254	439	482	590	615	2227	1616	5940	32055	66801	85414	1	0	0	0
FFQ	11	0	0	0	86	39	22	30	32	20	33	28	41	31	35	52	54	43	44	58	98	43	129	215	141	195	182	338	473	416	584	1682	1643	5758	31788	70984	83432	2	2	0	0
FFQ	12	0	0	0	77	39	48	68	96	40	40	66	76	45	48	95	74	59	47	96	156	89	142	199	175	196	222	316	449	469	668	1958	1575	6694	32977	72824	78629	1	0	0	0
FFQ	13	0	0	0	78	24	34	33	29	18	24	29	27	36	32	58	44	36	51	44	91	53	120	211	151	201	218	259	471	430	626	1793	1597	6256	31928	70515	83231	3	2	0	0
FFQ	14	0	0	0	84	26	37	26	22	25	37	31	25	41	26	56	60	58	47	49	113	57	155	206	178	185	254	317	496	483	654	1926	1568	7373	34049	70562	79521	3	3	0	0
FFQ	15	0	0	0	92	33	21	26	30	31	29	32	35	29	34	59	72	42	45	92	96	67	152	168	197	237	283	316	498	469	623	2068	1577	7604	37452	80614	65625	1	4	0	0
FFQ	16	0	0	0	81	29	32	27	22	31	21	29	33	34	30	44	52	50	57	70	102	64	114	157	149	216	248	313	496	509	709	1844	1718	7344	32513	75753	75858	0	4	0	0
FFQ	17	0	0	0	72	24	34	30	29	21	33	33	28	34	37	48	53	36	53	63	117	78	135	143	184	243	305	295	482	493	739	2017	1621	7612	32676	76377	74600	4	4	0	0
FFQ	18	0	0	0	62	39	33	30	26	23	26	27	29	39	35	53	60	42	38	74	100	55	145	145	146	239	288	304	518	509	689	2088	1600	7878	33370	78174	71865	1	3	0	0
FFQ	19	0	0	0	66	30	32	34	23	30	37	38	20	32	32	53	61	51	52	70	137	39	121	159	158	221	312	286	538	516	707	2077	1621	7570	32200	78285	73142	0	3	0	0
FFQ	20	0	0	0	66	32	31	31	21	29	35	25	35	36	42	75	61	43	56	70	124	69	142	159	207	240	342	316	614	580	759	2314	1743	8671	34777	80482	66520	1	5	0	0
FFQ	21	0	0	0	75	33	29	42	34	28	39	35	43	33	38	56	80	53	62	72	107	78	155	167	182	244	292	312	551	514	751	2126	1883	8815	36590	81944	63285	0	5	0	0
FFQ	22	0	0	0	79	30	29	43	27	21	46	30	34	31	40	55	62	46	35	77	105	65	137	148	149	238	291	297	519	487	675	1988	1730	7804	33492	83262	66675	2	4	0	0
FFQ	23	0	0	0	77	24	36	37	33	34	38	38	36	36	49	72	79	41	60	93	145	78	144	170	194	247	307	334	667	539	760	2114	1765	8566	35576	84749	61606	0	9	0	0
FFQ	24	0	0	0	72	29	43	36	31	42	33	46	40	40	56	68	85	38	57	64	128	67	161	155	202	220	350	333	664	575	761	2296	1733	9694	39216	83701	57712	0	5	0	0
FFQ	25	0	0	0	68	37	36	31	31	36	45	32	51	45	46	73	91	37	57	77	142	63	172	146	198	248	315	321	551	561	732	2175	1744	9250	39544	86193	55597	3	5	0	0
FFQ	26	0	0	0	102	40	46	51	53	51	63	49	79	48	69	73	70	67	62	100	139	75	149	208	204	282	269	344	567	533	722	2231	1772	9038	40778	85353	55061	1	4	0	0
FFQ	27	0	0	0	102	39	53	61	50	36	68	48	71	63	56	84	101	55	69	88	179	85	164	236	226	267	338	354	625	638	705	2167	1676	9710	39395	90412	50526	1	5	0	0
FFQ	28	0	0	0	90	56	43	50	55	55	66	58	75	50	56	68	107	75	73	90	176	95	189	229	219	269	320	364	608	584	751	2190	1747	9771	41330	89810	49022	3	9	0	0
FFQ	29	0	0	0	98	50	51	57	74	54	67	61	86	68	55	83	139	69	73	107	198	92	212	198	216	279	298	399	603	643	780	2439	1733	10904	43717	90622	44222	4	2	0	0
FFQ	30	0	0	0	84	52	60	65	73	56	57	66	85	59	72	96	108	82	72	135	173	113	206	207	259	273	397	353	682	579	819	2514	1709	11209	44725	91722	41585	4	2	0	0
FFQ	31	0	0	0	109	73	60	84	64	76	71	74	82	50	66	94	120	95	86	108	176	113	167	268	235	300	309	396	594	564	764	2175	1835	10861	46151	90866	41661	1	5	0	0
FFQ	32	0	0	0	96	63	86	68	72	76	72	68	96	72	74	101	117	80	91	105	179	113	220	244	219	305	316	370	563	590	762	2269	1752	10963	46752	93412	38379	3	5	0	0
FFQ	33	0	0	0	91	73	74	87	86	90	89	88	101	67	95	112	154	96	103	137	196	110	230	277	234	288	369	455	626	678	814	2626	1848	12736	49494	90456	35765	1	7	0	0
FFQ	34	0	0	0	103	63	54	94	87	86	103	100	118	87	122	161	151	107	103	150	233	113	224	291	255	351	389	403	695	701	752	2727	1865	13530	50157	89475	34896	3	4	0	0
FFQ	35	0	0	0	95	69	73	66	81	79	75	87	95	79	74	124	141	94	90	121	235	132	228	240	280	346	401	407	699	688	825	2971	1970	14764	53364	88135	31613	5	7	0	0
FFQ	36	0	0	0	135	78	76	79	81	80	103	100	126	98	90	87	113	119	102	132	214	137	216	269	263	390	316	403	640	679	894	2579	1989	14136	52613	91522	29878	7	8	1	0
FFQ	37	0	0	0	109	64	89	66	101	98	71	93	112	88	88	95	155	110	90	134	232	135	226	292	256	387	364	373	664	647	911	2657	1920	14539	53163	90650	29755	5	14	0	0
FFQ	38	0	0	0	99	73	82	87	87	87	86	105	126	87	104	114	145	86	94	139	235	145	215	290	285	379	367	396	700	665	951	2840	2058	15516	55756	86888	29451	9	6	0	0
FFQ	39	0	0	0	111	77	87	107	97	97	82	112	125	96	86	136	194	108	120	173	244	135	241	275	270	323	445	447	767	713	871	2912	2073	16696	57244	88021	25256	7	5	0	0
FFQ	40	0	0	0	134	79	90	103	135	108	89	123	140	107	112	143	199	135	116	178	212	162	261	303	317	327	413	440	675	702	900	2902	1970	16512	59449	87960	23222	13	22	0	0
FFQ	41	0	0	0	165	139	134	142	140	142	114	140	178	116	139	156	179	159	150	169	229	165	271	305	286	391	328	459	667	664	873	2918	2073	17165	60540	86928	22116	6	7	0	0
FFQ	42	0	0	0	212	126	150	129	168	115	140	147	204	123	110	168	221	162	134	194	294	167	317	295	334	395	380	552	706	766	824	3020	1902	18825	61389	86678	19387	9	10	0	0
FFQ	43	0	0	0	189	142	127	152	153	130	123	151	213	141	120	197	240	162	139	190	258	187	310	320	331	416	426	515	729	794	874	3113	1969	18823	59845	88026	19235	9	4	0	0
FFQ	44	0	0	0	186	151	151	147	207	156	152	172	218	174	142	217	214	197	162	204	337	237	310	378	318	417	517	494	907	808	1005	3545	2000	22607	61005	83136	17871	5	6	0	0
FFQ	45	0	0	0	198	154	119	128	184	151	162	182	207	163	150	210	205	224	149	184	326	232	267	361	355	406	495	511	831	802	963	3479	2012	21657	62894	83253	17127	5	7	0	0
FFQ	46	0	0	0	280	179	218	214	205	199	184	190	254	144	152	201	232	175	212	204	263	214	284	320	360	446	436	541	757	767	1075	3348	2189	22691	63568	81730	16514	5	1	1	0
FFQ	47	0	0	0	298	188	220	213	251	195	191	215	268	175	163	240	252	199	208	205	287	277	337	362	401	424	458	612	775	881	1046	4274	2176	27607	63303	77338	14700	10	4	0	0
FFQ	48	0	0	0	284	202	236	237	241	237	178	234	236	150	175	270	259	184	200	230	316	284	312	379	399	389	483	652	811	926	977	3827	2086	25217	66678	76817	14632	8	6	1	0
FFQ	49	0	0	0	312	232	265	234	260	214	166	234	262	165	158	242	270	199	221	253	295	298	307	350	437	454	555	652	820	948	1066	4286	2265	27690	67760	72230	14644	8	0	1	0
FFQ	50	0	0	0	270	227	230	243	294	299	229	253	266	174	226	296	302	209	242	322	327	378	339	435	445	456	549	672	833	999	1008	4898	2173	29622	65078	73902	12541	11	5	0	0
FFQ	51	0	0	0	431	333	362	378	402	370	247	265	425	195	346	355	336	332	303	430	414	475	427	539	506	529	561	766	904	1075	1147	5961	2618	29800	67163	60539	19804	12	3	0	0
FFQ	52	0	0	0	422	314	369	421	366	416	282	316	415	218	374	405	399	344	321	449	462	456	453	610	584	571	671	856	1119	1276	1285	7867	2633	33055	65599	64359	11061	2	3	0	0
FFQ	53	0	0	0	365	297	306	318	371	298	235	249	321	213	219	291	344	263	247	311	453	313	402	498	530	570	566	810	1053	1353	1311	6612	2858	34044	67912	59189	15606	20	5	0	0
FFQ	54	0	0	0	371	236	268	277	337	264	236	256	332	217	208	289	362	244	215	243	473	228	476	438	533	561	622	816	1087	1465	1424	7084	2768	36506	69978	59901	10006	23	9	0	0
FFQ	55	0	0	0	351	263	249	291	277	272	239	273	297	184	209	244	341	231	213	254	419	255	447	448	461	504	576	753	1164	1362	1498	7268	2694	36102	73672	60314	6598	26	4	0	0
FFQ	56	0	0	0	405	260	341	311	278	355	266	287	408	269	261	313	371	305	256	278	471	273	393	516	435	615	743	749	1358	1468	1789	7858	3112	37984	67210	54690	14108	12	5	0	0
FFQ	57	0	0	0	329	277	315	301	271	303	271	294	324	238	297	342	351	307	293	312	421	274	450	441	464	535	684	689	1249	1306	1630	7103	2836	37433	71426	59748	7211	25	3	0	0
FFQ	58	0	0	0	369	309	289	318	340	323	287	322	362	274	263	337	345	301	252	281	471	263	478	475	589	614	680	864	1252	1514	1666	7135	3176	39196	71029	54097	10245	23	14	0	0
FFQ	59	0	0	0	368	306	294	365	322	313	271	313	379	270	266	377	401	325	243	312	487	296	501	516	590	574	698	876	1216	1616	1627	7868	3176	42978	73133	51734	5701	32	8	1	0
FFQ	60	0	0	0	309	281	273	279	349	273	283	325	379	281	276	325	406	354	210	287	549	330	460	574	590	710	850	893	1363	1812	1871	8119	3336	43661	70961	49968	7749	61	5	1	0
FFQ	61	0	0	0	346	337	369	394	361	417	284	405	406	317	340	388	406	348	286	343	562	344	495	566	555	759	804	991	1649	2005	2132	9227	3708	48086	68729	44843	7501	44	6	0	0
FFQ	62	0	0	0	395	347	393	407	377	399	307	360	467	311	323	377	383	336	322	363	545	326	473	584	554	681	784	827	1529	1662	2090	9383	3375	44768	74603	46647	4012	38	4	1	0
FFQ	63	0	0	0	359	367	355	437	444	396	346	424	468	339	309	381	509	406	266	337	652	343	532	617	643	812	909	950	1747	1983	2135	10391	3526	45515	66687	44579	10543	39	7	0	0
FFQ	64	0	0	0	376	406	380	454	479	421	382	414	499	370	330	403	528	393	376	364	704	361	548	579	694	786	897	1076	1657	2145	2247	10342	3713	50078	68202	41753	6354	34	8	0	0
FFQ	65	0	0	0	384	407	383	426	461	372	332	400	465	320	340	377	441	394	303	351	630	365	609	610	749	789	913	1085	1528	2069	2077	9050	3789	48234	71261	43093	5713	28	5	0	0
FFQ	66	0	0	0	492	490	473	543	486	503	399	472	522	338	386	430	463	449	345	392	630	396	606	642	710	827	896	1135	1650	1947	2176	9239	3970	49337	69868	41239	6276	24	1	1	0
FFQ	67	0	0	0	460	555	513	537	596	562	490	547	625	439	429	449	631	469	398	403	781	444	667	767	825	960	902	1369	1822	2448	2432	11365	4094	54459	66140	36210	4923	37	4	1	0
FFQ	68	0	0	0	567	642	550	576	574	580	412	503	600	417	408	422	616	463	344	413	727	404	591	658	728	833	889	1226	1600	2212	2142	10294	3824	50520	70043	38959	4932	76	7	1	0
FFQ	69	0	0	0	600	624	546	625	594	558	443	469	668	429	408	459	556	515	393	441	733	414	644	716	719	907	942	1135	1728	2310	2231	10959	3986	52515	71954	35694	2779	53	5	1	0
FFQ	70	0	0	0	536	584	499	579	607	562	467	537	702	487	470	529	705	559	380	477	921	423	645	920	765	1093	1299	1278	2319	2764	2663	12673	4235	55960	65452	32656	3943	52	10	2	0
FFQ	71	0	0	0	553	537	513	604	511	573	394	490	591	396	443	473	431	541	412	469	712	416	594	791	666	1029	1100	1041	2007	2295	2454	10458	4397	52791	69060	36723	4210	68	8	2	0
FFQ	72	0	0	0	645	578	560	688	511	604	442	557	575	441	433	453	515	578	385	460	750	464	578	778	686	1011	1106	1062	2126	2364	2598	11111	4490	54027	67657	35307	4115	91	6	1	0
FFQ	73	0	0	0	798	647	668	722	637	672	478	583	681	537	467	585	589	653	390	483	768	479	575	853	652	1052	1200	1037	2094	2390	2662	12398	4202	55611	69858	31123	2145	50	12	2	0
FFQ	74	0	0	0	635	531	611	681	581	624	493	578	661	559	466	583	683	647	448	551	816	540	655	908	797	1053	1213	1081	2214	2531	2693	12801	4261	55145	63423	33982	5214	70	23	1	0
FFQ	75	0	0	0	633	543	506	644	601	532	549	526	651	497	474	665	642	659	465	576	860	607	785	872	939	1060	1192	1276	2296	2574	2865	13966	4391	58192	59761	32113	5739	62	39	1	0
FFQ	76	0	0	0	873	636	700	719	682	652	536	627	686	518	539	674	562	709	489	621	726	643	727	931	946	1045	1115	1436	2237	2651	3130	13521	5122	58504	59013	31619	5040	99	24	1	0
FFQ	77	0	0	0	956	813	668	777	754	706	626	705	780	558	649	722	759	735	489	765	770	761	835	945	959	1104	1204	1510	2159	2741	3047	14160	5039	57699	58515	30858	4841	121	21	2	0
FFQ	78	0	0	0	1144	943	821	941	879	885	705	828	1027	689	705	878	845	892	602	862	888	981	894	1049	1089	1086	1239	1396	2283	2648	2678	15008	4761	57404	56040	29948	5536	137	42	0	0
FFQ	79	0	0	0	1452	1269	999	1199	1056	1059	909	1062	1195	849	879	1066	1153	1032	643	972	937	1138	1044	1188	1236	1128	1260	1553	2545	2703	2816	14963	4807	55965	53230	29178	5896	170	202	0	0
FFQ	80	0	0	0	1784	1464	1174	1390	1284	1195	1028	1248	1469	1009	972	1308	1241	1209	652	1144	1159	1408	1259	1405	1418	1267	1598	1996	3405	3176	3107	13205	4799	54238	47966	27584	8780	199	1213	0	0
FFQ	81	0	0	0	3853	2293	2331	2141	2117	2076	1439	1899	1655	1255	1101	1511	1166	1169	693	1042	835	1083	859	990	1049	1174	1178	1481	2693	2994	3000	12399	4925	53518	49958	26007	6691	140	37	1	0
FFQ	82	0	0	0	5528	3141	2613	2635	2230	2052	1384	1656	1840	893	938	1305	1074	842	468	820	742	862	709	844	756	1053	1099	1278	2143	2561	2666	11014	5118	53991	57701	23822	2788	159	25	3	0
FFQ	83	0	0	0	5446	3317	2703	2771	2358	2103	1524	1703	1897	858	880	1209	1089	744	453	778	795	719	710	872	779	1036	1110	1239	2260	2674	2813	12063	5138	55243	56832	22206	2233	188	10	0	0
FFQ	84	0	0	0	6387	3614	2789	2903	2253	1986	1413	1491	1809	823	756	1085	1021	683	426	653	790	684	635	859	744	969	1097	1246	2188	2599	2736	12041	5338	56785	58495	19883	1334	220	16	2	0
FFQ	85	0	0	0	6549	3925	2546	2953	2149	1918	1473	1445	1831	817	744	1130	993	695	453	608	800	616	656	839	802	1079	1139	1317	2311	2875	2839	12703	5440	58489	57372	17923	1065	246	12	1	0
FFQ	86	0	0	0	12565	4172	3541	2252	1481	1116	788	760	694	570	496	563	528	529	402	420	651	397	578	704	683	924	1102	1296	2255	2729	2958	12857	5174	61464	56681	16494	840	77	11	1	0
FFQ	87	0	0	0	12408	3983	3527	2189	1532	1185	886	871	765	634	452	587	578	515	401	416	719	422	568	811	679	1013	1174	1338	2311	2955	3000	13512	5175	62523	55164	15609	725	115	11	0	0
FFQ	88	0	0	0	11594	3935	3554	2453	1686	1330	960	901	838	687	524	647	597	588	392	398	807	414	592	828	773	1107	1172	1391	2478	3077	2942	14054	5275	63168	53822	14867	754	136	12	0	0
FFQ	89	0	0	0	11453	3680	3371	2404	1886	1473	997	1087	870	776	546	642	682	558	404	422	814	401	601	846	763	1132	1319	1408	2628	3329	3173	14466	5335	64083	52230	14131	680	145	16	2	0
FFQ	90	0	0	0	10781	3683	3236	2646	2009	1558	1136	1118	961	861	611	742	717	597	438	485	899	443	692	936	813	1211	1376	1553	2843	3537	3235	15509	5229	65315	49728	13050	642	151	10	2	0
FFQ	91	0	0	0	10282	3411	3258	2625	1953	1614	1229	1250	1107	952	718	820	701	702	507	542	926	484	730	891	855	1228	1394	1628	2755	3531	3425	15699	5222	66615	48771	12302	558	51	14	3	0
FFQ	92	0	0	0	9601	3280	3279	2719	2206	1749	1326	1443	1064	1084	697	825	851	712	496	520	995	481	731	958	962	1167	1427	1602	2978	3851	3311	16323	5396	67379	47033	11656	529	100	22	0	0
FFQ	93	0	0	0	8799	3658	3297	3030	2182	1817	1338	1522	1143	1066	738	837	869	748	508	487	1115	498	748	998	934	1340	1540	1753	3181	3971	3327	17235	5559	67122	45670	11068	519	120	15	1	0
FFQ	94	0	0	0	8215	3637	3313	3066	2334	2004	1476	1526	1252	1178	748	855	875	737	500	516	1181	535	816	1113	982	1430	1658	1784	3293	4110	3518	17776	5491	67968	43970	10267	498	112	19	0	0
FFQ	95	0	0	0	7773	3669	3288	3070	2540	1997	1545	1594	1283	1212	735	887	920	825	510	510	1182	484	788	1113	968	1356	1640	1870	3353	4289	3531	18162	5495	68733	42953	9872	465	119	22	0	0
FFQ	96	0	0	0	7805	3284	3489	3080	2487	2088	1578	1662	1326	1213	876	1053	850	878	634	634	1121	567	816	1140	1053	1456	1644	1943	3417	3992	3964	17852	5693	69361	41913	9364	419	78	23	0	0
FFQ	97	0	0	0	7094	3529	3474	3316	2507	2219	1599	1724	1352	1337	890	1083	900	842	558	617	1283	568	905	1205	1131	1608	1761	2055	3563	4537	3855	18742	5950	68700	40043	9179	468	131	26	2	0
FFQ	98	0	0	0	6533	3687	3414	3295	2658	2261	1686	1892	1482	1388	925	1048	1059	901	573	602	1308	594	919	1272	1116	1701	1915	2077	3902	4574	4084	19489	5968	68585	38695	8513	452	151	32	2	0
FFQ	99	0	0	0	6445	3844	3328	3385	2780	2285	1818	1856	1447	1308	850	1084	1109	998	601	627	1386	599	936	1342	1124	1756	1990	2245	4026	4875	4037	20001	5984	68205	37257	8581	444	175	24	1	0
FFQ	100	0	0	0	5868	3730	3369	3486	2922	2467	1776	1946	1563	1533	929	1164	1160	1004	585	651	1555	639	1061	1465	1236	1909	2161	2370	4024	5145	4168	20864	5976	68577	34999	7804	446	166	34	1	0
FFQ	101	0	0	0	6251	3478	3756	3265	2895	2379	1842	2011	1647	1463	1018	1278	1046	1251	761	784	1490	778	1074	1524	1323	2002	2198	2518	4190	4988	4530	20789	6431	67512	34293	7434	412	116	25	1	0
FFQ	102	0	0	0	5949	3647	3556	3436	2969	2537	1871	2001	1652	1590	1019	1281	1221	1163	691	756	1696	798	1078	1710	1457	2137	2184	2736	4282	5342	4492	21305	6364	66872	32891	7427	433	188	20	2	0
FFQ	103	0	0	0	5710	3725	3574	3430	3088	2695	1839	2063	1720	1620	974	1204	1238	1184	686	745	1707	750	1155	1704	1427	2209	2403	2750	4484	5466	4776	22150	6665	66094	31748	7036	501	209	22	2	0
FFQ	104	0	0	0	5508	3711	3441	3671	3148	2623	1931	1999	1759	1756	1050	1185	1226	1235	697	777	1812	741	1262	1790	1478	2168	2489	2745	4619	5699	4707	22131	6625	65719	31514	6790	464	246	31	6	0
FFQ	105	0	0	0	5562	3718	3566	3596	3191	2658	1970	2057	1694	1710	1026	1299	1335	1247	715	716	1928	742	1310	1821	1573	2310	2466	2855	4837	5800	4884	22554	6523	65449	30125	6832	421	240	23	0	0
FFQ	106	0	0	0	5543	3622	3675	3670	2963	2821	1921	2307	1892	1784	1220	1580	1260	1476	1027	1076	1834	1128	1452	1970	1857	2652	2403	3110	4730	5686	5393	22479	7246	63331	28506	6461	397	247	33	1	0
FFQ	107	0	0	0	5361	3841	3502	3731	3072	2865	2024	2257	2026	1801	1243	1605	1496	1630	987	1108	2276	1122	1533	2171	1936	2935	2858	3411	4989	6325	5639	23971	7447	61334	25483	5969	468	276	56	5	0
FFQ	108	0	0	0	5174	4088	3560	3817	3977	2985	2153	2709	3344	2783	1360	1835	3019	3594	1122	1203	5628	1330	2623	4217	3011	4459	4219	5037	6649	7810	5131	19525	6447	40871	24959	8909	958	213	30	4	0
# Last Fragment Qualities. Use `grep ^LFQ | cut -f 2-` to extract this part.
# Columns correspond to qualities and rows to cycles. First column is the cycle number.
LFQ	1	0	0	0	315	14	10	949	4244	119	1366	578	56	1003	318	528	570	264	818	1560	905	659	978	714	1142	1090	1977	796	4172	1337	4530	4513	7128	864	155073	162	1	0	0	0	0
LFQ	2	0	0	0	1033	569	1671	2103	3991	1358	1802	1151	920	1492	894	1145	958	808	1106	1461	883	809	834	912	887	804	1146	993	1103	1031	4037	2429	5185	684	154414	140	0	0	0	0	0
LFQ	3	0	0	0	1297	924	2853	3394	3422	1823	1854	1118	1151	1351	876	1032	1045	775	1107	1066	1069	733	799	921	777	751	844	781	791	733	3502	1915	5018	668	154271	88	4	0	0	0	0
LFQ	4	0	0	0	1281	1231	2613	3328	2657	1487	1578	982	964	1383	821	1048	989	831	1105	1056	909	845	797	918	957	747	967	974	998	973	4527	2464	6961	490	151832	37	3	0	0	0	0
LFQ	5	0	0	0	1284	1325	2101	3447	2500	1382	1532	941	961	1396	863	1170	926	762	1126	1069	852	790	809	880	827	759	1028	806	782	881	4436	2581	4952	566	154954	57	8	0	0	0	0
LFQ	6	0	0	0	1387	1200	2061	2865	2329	1049	1273	604	765	884	606	737	797	616	1006	1618	885	889	998	1002	943	998	1349	907	1690	1320	2628	3302	6150	469	155401	21	4	0	0	0	0
LFQ	7	0	0	0	1575	1500	3807	3846	4094	1777	2450	1194	1471	1532	1020	1006	1134	814	1078	845	1097	617	877	643	860	857	842	944	1025	834	2221	949	4166	453	153191	28	6	0	0	0	0
LFQ	8	0	0	0	1652	1392	2487	2590	2403	1038	1467	720	966	1276	985	1037	1298	1086	1648	1528	1188	918	913	901	1055	968	1024	934	1022	1255	2378	2322	5298	543	154422	36	3	0	0	0	0
LFQ	9	0	0	0	1816	1450	2828	3173	3834	1221	2344	1125	1465	1629	1040	1089	1280	920	1183	1238	892	842	897	812	891	854	784	700	1016	846	2068	1333	4517	542	154074	46	4	0	0	0	0
LFQ	10	0	0	0	1736	1516	2887	2929	3419	1270	2181	1198	1663	1930	1293	1157	1464	1081	1432	916	1009	878	772	992	843	878	810	709	793	868	2432	1092	4864	627	153079	31	4	0	0	0	0
LFQ	11	0	0	0	1805	1492	2591	2898	3050	1108	2114	979	1396	1965	1458	1202	2062	1317	2226	868	988	603	916	869	675	851	783	715	799	1080	1347	1310	4360	602	154301	23	0	0	0	0	0
LFQ	12	0	0	0	2018	2404	7325	3962	3970	1478	1718	1071	987	1230	819	868	940	657	1033	767	724	558	691	738	645	648	705	693	627	798	1676	979	4066	574	153356	25	3	0	0	0	0
LFQ	13	0	0	0	1830	1474	2404	2486	2353	1012	1290	592	771	1340	743	833	1350	1045	3147	849	2145	926	998	1490	742	748	1022	896	1588	890	1573	1627	5316	1220	154029	20	4	0	0	0	0
LFQ	14	0	0	0	1857	1856	4105	4077	3701	1755	2231	1303	1628	1592	1240	1087	1234	747	1400	875	955	662	775	619	625	657	621	742	702	777	1281	1115	3893	729	153890	17	5	0	0	0	0
LFQ	15	0	0	0	2007	1686	3377	2911	3065	1533	1702	995	1643	1530	1431	1348	1436	1033	1370	1189	1039	757	854	797	784	715	935	651	1053	947	1767	1144	5131	1147	152757	17	2	0	0	0	0
LFQ	16	0	0	0	1935	1535	2320	2394	2315	1077	1383	679	926	1216	851	1033	1389	889	2216	1298	1289	956	1204	1250	859	914	968	1140	1026	1205	1673	1553	5538	878	154830	12	2	0	0	0	0
LFQ	17	0	0	0	3156	2239	4345	3752	3223	1888	1901	1304	1250	1368	841	983	985	734	1034	892	701	707	676	636	651	606	886	634	757	727	1542	1140	4419	601	154153	19	3	0	0	0	0
LFQ	18	0	0	0	1967	1568	2441	2447	2422	1342	1501	900	1106	1978	1008	1167	1267	1098	1736	1163	1268	850	1094	1260	757	795	779	1024	1238	956	1558	1342	5677	992	154032	14	6	0	0	0	0
LFQ	19	0	0	0	2646	1858	3769	3651	3200	2218	2260	1642	1547	1839	1072	1143	1120	736	1215	839	817	625	686	642	654	819	611	740	650	803	1368	942	4579	556	153482	18	6	0	0	0	0
LFQ	20	0	0	0	3875	3522	5032	3551	2902	1874	1689	1200	1075	1315	815	973	1018	747	929	869	761	635	662	628	976	662	646	772	788	859	1592	887	4346	660	152474	14	5	0	0	0	0
LFQ	21	0	0	0	2139	1671	2322	2309	2410	1119	1324	726	830	1111	666	959	896	755	1229	1103	996	849	1029	1223	1260	1065	1326	1290	1008	1606	2396	2258	6454	670	153743	11	0	0	0	0	0
LFQ	22	0	0	0	2041	1593	2234	2341	2179	1073	1164	642	735	1102	647	766	738	676	979	1202	919	750	1084	961	1313	1324	1464	1051	1221	1659	2441	3050	6997	831	153556	17	3	0	0	0	0
LFQ	23	0	0	0	2073	1657	2325	2374	2179	1205	1288	649	753	1109	691	793	774	675	1074	1015	848	757	1092	1140	1225	1329	1540	1233	1396	1522	2280	2976	7044	822	152895	19	1	0	0	0	0
LFQ	24	0	0	0	2257	1977	3858	3215	3442	2467	2140	1628	1476	1989	1138	1297	1218	1115	1298	1151	914	608	988	668	1364	638	641	804	866	820	1667	777	4298	696	151314	18	6	0	0	0	0
LFQ	25	0	0	0	2287	1803	2949	2853	3009	1464	1731	1211	1279	1576	966	1384	1032	1034	1430	993	1104	834	956	1022	828	826	1012	819	910	979	1921	1594	5573	722	152624	23	5	0	0	0	0
LFQ	26	0	0	0	2500	1737	2607	2593	2297	1360	1397	899	1095	1423	900	1271	1067	1200	1333	2705	1323	1113	1159	1155	1210	978	1123	1097	1067	1221	1707	1335	5447	979	151435	15	5	0	0	0	0
LFQ	27	0	0	0	2570	1784	3687	3303	3575	1974	2078	1452	1581	1807	1153	1505	1263	988	1231	1088	923	747	827	876	801	735	826	820	747	1093	1629	1151	4808	722	150986	21	2	0	0	0	0
LFQ	28	0	0	0	2697	1832	3198	3138	3685	1790	2505	1466	2183	2011	1404	1354	1356	1002	1335	994	877	855	831	917	800	752	884	939	754	1049	1686	873	4635	660	150260	25	6	0	0	0	0
LFQ	29	0	0	0	2461	1994	2821	2836	2994	1301	1908	1019	1584	1760	1428	1294	1709	1200	1713	1012	1175	925	957	1053	842	718	748	929	1014	1017	1791	1166	5746	1264	150341	33	0	0	0	0	0
LFQ	30	0	0	0	2575	3737	5834	4311	3747	2023	2022	1302	1384	1485	912	1011	1099	721	1016	779	810	527	658	648	883	564	531	793	717	930	1626	863	4568	690	149946	37	4	0	0	0	0
LFQ	31	0	0	0	2620	1989	2805	2795	2582	1331	1477	937	1205	1457	1079	1167	1422	1134	1694	1080	1404	1070	1062	1438	995	934	905	1235	1304	1137	2186	1343	5980	1075	149853	47	11	0	0	0	0
LFQ	32	0	0	0	2846	2689	5342	3874	3491	1895	2048	1375	1467	1631	1125	1078	1219	828	1130	923	825	724	728	743	682	738	695	833	696	971	1688	1132	5356	699	149209	65	8	0	0	0	0
LFQ	33	0	0	0	3125	2748	5386	3037	3344	1860	1886	1161	1360	1448	1071	1224	1078	874	1072	984	901	865	862	789	904	770	935	899	841	1075	1906	1089	5368	842	148987	57	5	0	0	0	0
LFQ	34	0	0	0	2900	1985	3976	2988	3305	1904	1929	1146	1547	1631	1150	1458	1307	1015	1292	1167	1013	906	881	952	929	741	1142	874	1030	1100	2116	1176	6030	988	148113	55	7	0	0	0	0
LFQ	35	0	0	0	3377	2278	4552	3406	3757	2225	1901	1381	1648	1548	1227	1265	1131	862	1218	940	878	718	892	869	903	723	751	954	864	1003	1948	985	5507	804	148179	52	7	0	0	0	0
LFQ	36	0	0	0	3892	4065	4772	3762	2922	1724	1744	1156	1172	1309	954	935	1041	753	1033	788	820	693	755	802	735	784	792	808	740	1015	1903	1330	5958	713	148844	37	2	0	0	0	0
LFQ	37	0	0	0	3089	2485	4066	3478	2556	2131	1754	1339	1537	1510	1090	1195	1131	945	1228	1083	969	809	933	782	975	766	1002	928	1030	1110	2381	1589	7346	817	146650	47	2	0	0	0	0
LFQ	38	0	0	0	2988	1875	2821	2833	2338	1456	1599	1046	1320	1459	1378	1303	1435	1355	1299	1245	1597	1009	1228	1180	1158	804	894	1193	1264	1015	2254	1610	6704	1209	147838	43	3	0	0	0	0
LFQ	39	0	0	0	2938	2023	2838	3166	2343	1730	1795	1157	1651	1662	1523	1301	1456	1255	1238	1171	1357	1000	1068	1107	1139	758	905	1228	1296	1243	2691	1590	8937	1001	144141	44	1	0	0	0	0
LFQ	40	0	0	0	3004	2143	3198	3147	2565	1705	1738	1193	1486	1569	1436	1309	1427	1122	1233	1121	1228	873	967	1084	1063	713	875	1111	1219	1023	2264	1590	7277	1226	146800	38	6	0	0	0	0
LFQ	41	0	0	0	3151	1927	2705	2729	2331	1410	1446	916	1028	1181	897	1107	1038	865	1144	1336	1226	990	1180	1273	1233	1081	1670	1259	1427	1627	3248	2132	7901	1323	145909	61	2	0	0	0	0
LFQ	42	0	0	0	3201	2286	3753	3855	3472	2435	2269	1502	1671	1563	1179	1235	1264	1007	1339	1035	989	826	987	864	950	724	942	856	982	1068	2465	1334	7070	1059	144481	78	12	0	0	0	0
LFQ	43	0	0	0	3267	2196	2799	2984	2550	1527	1575	1149	1301	1349	1142	1209	1407	1137	1564	1144	1444	1227	1128	1417	1272	980	1128	1491	1546	1303	2776	1790	8331	1323	143231	62	4	0	0	0	0
LFQ	44	0	0	0	3107	1993	2812	2598	2306	1432	1443	902	1012	1138	867	980	1183	1004	1485	1065	1401	1218	1156	1653	1361	1062	1207	1792	1986	1384	3124	1958	8606	1438	143981	92	7	0	0	0	0
LFQ	45	0	0	0	3342	2688	4560	3409	4117	2442	2184	1427	1738	1607	1177	1357	1280	998	1358	1023	1022	690	817	962	792	719	713	822	880	923	2405	1265	7409	1171	143351	91	14	0	0	0	0
LFQ	46	0	0	0	5171	4607	4817	3662	2704	2235	1948	1207	1446	1381	1030	1109	995	892	1072	947	856	780	848	857	782	698	1041	840	1079	1218	2427	1474	7789	993	141781	62	5	0	0	0	0
LFQ	47	0	0	0	3663	2160	2800	2897	2381	1691	1862	1174	1828	1478	1534	2009	1329	1685	1083	1756	1315	1019	1062	1119	1330	851	1259	1099	1318	1477	2654	1619	8724	1738	140728	101	10	0	0	0	0
LFQ	48	0	0	0	4718	2871	4056	4155	2787	2356	2349	1428	1756	1587	1184	1217	1116	970	1243	1015	994	738	800	786	946	783	901	1119	1001	1238	2301	1402	7781	1342	141705	103	5	0	0	0	0
LFQ	49	0	0	0	3492	2029	2895	2948	2436	1711	1787	1214	1629	1736	1565	1755	1787	1527	1744	1725	1523	1259	1168	1211	1210	833	962	1270	1310	1405	2872	1500	8723	1503	139930	88	6	0	0	0	0
LFQ	50	0	0	0	3528	2194	3215	3241	2821	2077	2048	1497	1869	1930	1707	1590	1527	1276	1476	1272	1202	928	1034	980	1054	741	957	1126	1218	1260	2760	1377	9033	1721	139996	92	6	0	0	0	0
LFQ	51	0	0	0	4355	2902	6465	4118	2828	2407	2010	1340	1394	1398	987	1050	999	883	1061	912	832	708	873	750	830	709	912	888	1132	1169	2768	1595	8904	882	140641	47	4	0	0	0	0
LFQ	52	0	0	0	4040	3116	4936	4070	2709	2692	2017	1519	1632	1531	1101	1223	1122	871	1120	997	889	827	896	848	976	736	1097	972	1155	1298	2732	1470	9269	1057	139777	56	2	0	0	0	0
LFQ	53	0	0	0	3611	2255	3225	3132	2591	2137	2009	1548	1839	1953	1477	1687	1492	1169	1383	1355	1271	983	1136	901	1148	843	1055	1168	1228	1306	2844	1598	9715	1268	139344	73	9	0	0	0	0
LFQ	54	0	0	0	3648	2731	3970	3676	2795	2486	2125	1712	1917	1759	1308	1479	1306	1070	1186	1257	1074	904	1020	903	1129	842	964	1208	1286	1340	3188	1735	11052	1064	136529	85	5	0	0	0	0
LFQ	55	0	0	0	3505	2366	3656	3380	2466	2540	2000	1661	1816	1921	1253	1560	1302	1030	1338	1305	1073	922	1061	897	1162	763	1108	1113	1330	1421	3116	1774	10548	1208	138072	84	2	0	0	0	0
LFQ	56	0	0	0	3752	2181	2884	3168	2506	1808	1700	1186	1451	1438	1131	1413	1318	1041	1472	1236	1122	1103	1084	1071	1110	1010	1134	1555	1176	1469	3555	2345	10927	901	139452	52	2	0	0	0	0
LFQ	57	0	0	0	3685	2024	2591	2676	2262	1486	1431	984	1195	1203	987	1186	1183	1058	1410	1387	1253	1213	1277	1285	1510	1167	1547	1697	1649	1715	4289	2505	11794	1248	137760	94	2	0	0	0	0
LFQ	58	0	0	0	3706	2472	3481	3598	3068	2388	2162	1361	1576	1717	1157	1273	1359	1033	1329	1160	1148	864	1215	1037	1199	897	1243	1269	1397	1448	4127	1754	11835	1084	135305	86	5	0	0	0	0
LFQ	59	0	0	0	3544	1992	2796	2694	2379	1644	1578	1120	1347	1494	1167	1525	1467	1113	1550	1507	1379	1211	1217	1270	1503	1050	1291	1682	1611	1714	4530	2387	13204	1173	134534	78	2	0	0	0	0
LFQ	60	0	0	0	3493	1887	2568	2501	2196	1445	1386	983	1141	1235	1105	1312	1369	1230	1639	1554	1614	1346	1565	1489	1803	1130	1409	1897	1833	1789	4753	2568	13776	1230	133428	75	4	0	0	0	0
LFQ	61	0	0	0	3723	2039	2481	2510	2006	1385	1369	947	1065	1029	751	878	933	767	1091	942	933	949	1011	1107	1328	1199	1321	1461	1653	2128	10922	3479	13790	1462	131980	108	6	0	0	0	0
LFQ	62	0	0	0	3742	2043	2466	2521	2045	1387	1302	875	979	1013	784	1014	1003	762	1100	1004	869	976	923	1088	1312	1108	1333	1563	1738	2178	10923	3580	14337	1828	130750	198	9	0	0	0	0
LFQ	63	0	0	0	3761	2053	2591	2525	2163	1402	1362	814	1066	986	833	1005	1025	799	1087	1172	1002	913	956	1016	1387	1162	1317	1744	1632	2021	11185	3557	14797	1920	129259	231	10	0	0	0	0
LFQ	64	0	0	0	3713	2043	2623	2550	2058	1466	1416	884	1116	1064	821	1072	1084	920	1193	1293	1145	807	1090	1036	1522	1042	1238	1678	1474	1764	11355	3524	15518	2008	127965	256	15	0	0	0	0
LFQ	65	0	0	0	3620	2082	2749	2581	2110	1612	1412	1008	1253	1098	885	1145	1213	1010	1211	1637	1234	811	1076	1034	1738	964	1281	1634	1586	1681	12287	3770	17536	2115	123043	311	26	0	0	0	0
LFQ	66	0	0	0	3726	2187	2764	2651	2212	1740	1597	1227	1322	1105	1044	1145	1374	1041	1292	1444	1146	942	1110	1323	1435	1135	1488	1532	1965	2474	14912	4991	18179	4344	112721	1042	143	0	0	0	0
LFQ	67	0	0	0	3686	2125	2953	2820	2245	1853	1584	1294	1360	1165	1043	1245	1461	1019	1453	1793	1096	1167	1175	2129	1562	1257	1694	1594	2268	2551	14891	4449	19406	4561	108091	1557	206	0	0	0	0
LFQ	68	0	0	0	3922	2212	3308	2796	2313	1994	1553	1403	1395	1254	1056	1464	1554	977	1368	2106	1187	1403	1147	3415	1601	1266	1774	1687	2471	2514	12833	3983	19121	4593	107252	1630	201	0	0	0	0
LFQ	69	0	0	0	4488	2571	3579	2790	2327	2066	1768	1536	1277	1427	1126	1753	1674	900	1489	2826	1366	1446	1078	4491	1447	1163	2135	1640	2591	2481	8867	3736	18038	4709	108558	1260	150	0	0	0	0
LFQ	70	0	0	0	5101	2748	3924	2678	2382	2059	1948	1577	1297	1468	1176	1982	1766	870	1396	3144	1606	1310	923	4792	1329	1137	1931	1507	2315	2351	6801	3461	17275	4917	110364	1116	102	0	0	0	0
LFQ	71	0	0	0	7195	4518	4465	3464	3642	2828	2314	2100	1985	1770	1532	1939	1840	989	1333	1454	883	1007	952	1129	1104	1135	1419	1425	1864	2562	4842	3887	16107	4929	111230	859	51	0	0	0	0
LFQ	72	0	0	0	8055	4422	4959	3442	3552	2978	2341	1956	1882	1685	1391	1819	1588	856	1202	1519	917	867	1003	1056	1229	1011	1395	1448	1955	2650	5118	3993	17432	5190	108804	986	52	0	0	0	0
LFQ	73	0	0	0	8694	4408	5178	3466	3630	2883	2373	1964	1784	1641	1235	1725	1555	877	1034	1471	950	781	1087	1038	1305	1034	1351	1549	2056	2614	5311	3710	17618	5484	107834	1081	32	0	0	0	0
LFQ	74	0	0	0	9388	4420	5213	3329	3559	2875	2390	1907	1734	1510	1237	1739	1424	873	996	1486	973	866	1015	950	1360	1087	1469	1641	2109	2751	5518	3931	18326	5368	106206	1059	44	0	0	0	0
LFQ	75	0	0	0	9712	4306	5236	3542	3609	2886	2445	1844	1661	1555	1216	1677	1375	824	1042	1415	987	810	1000	1072	1416	1057	1564	1703	2102	2732	5712	3944	18984	5392	104820	1091	22	0	0	0	0
LFQ	76	0	0	0	11591	6128	6413	4094	2936	2262	1763	1226	1366	1080	846	1029	945	709	927	963	831	821	985	902	1190	913	1318	1565	1708	2360	5509	2905	19383	1491	112434	150	10	0	0	0	0
LFQ	77	0	0	0	11531	6211	6384	4155	3019	2280	1773	1159	1318	1079	879	1047	945	805	892	959	898	724	998	920	1412	947	1384	1579	1961	2447	5746	2870	20497	1819	109848	262	5	0	0	0	0
LFQ	78	0	0	0	11601	6157	6265	3982	3196	2300	1814	1246	1359	1104	847	1046	1042	745	973	986	902	768	1088	892	1493	932	1394	1793	2114	2452	6265	3084	21052	1996	107583	276	6	0	0	0	0
LFQ	79	0	0	0	11808	6100	6097	4111	3173	2311	1821	1266	1425	1069	912	1144	1040	759	926	1108	932	820	1081	903	1652	916	1403	1867	2153	2486	6626	3189	21983	1923	105473	276	0	0	0	0	0
LFQ	80	0	0	0	11838	5975	6002	4255	3188	2339	1818	1261	1483	1117	933	1099	1046	712	962	1078	969	778	1141	887	1682	927	1460	1943	2183	2558	6799	3187	22122	2010	104735	255	11	0	0	0	0
LFQ	81	0	0	0	11828	6085	5658	4341	3269	2443	2050	1397	1557	1172	973	1170	1020	793	1048	1056	1018	948	1112	1004	1529	1088	1696	1790	2276	2834	6843	3577	23373	1758	101872	167	8	0	0	0	0
LFQ	82	0	0	0	11828	5915	5870	4357	3198	2451	2071	1313	1525	1178	963	1173	1127	813	1049	1139	1046	890	1201	995	1690	1094	1715	1988	2474	2890	7082	3596	23625	2201	100029	264	3	0	0	0	0
LFQ	83	0	0	0	11966	5830	5711	4367	3286	2582	2007	1347	1646	1170	932	1289	1122	823	1030	1205	1081	896	1337	1005	1816	1109	1708	2193	2668	3031	7671	3834	24947	2163	96668	307	6	0	0	0	0
LFQ	84	0	0	0	11823	6086	5578	4379	3321	2587	2022	1431	1627	1152	983	1284	1173	906	966	1262	1118	865	1339	1072	1931	1075	1709	2205	2661	3081	7896	3823	25417	2264	95376	331	10	0	0	0	0
LFQ	85	0	0	0	12008	5871	5750	4413	3418	2602	2068	1380	1617	1105	947	1283	1219	781	1016	1349	1148	906	1364	972	2083	1070	1719	2316	2664	3119	8137	3931	25543	2233	94385	326	10	0	0	0	0
LFQ	86	0	0	0	12057	5981	5639	4617	3436	2575	2154	1457	1707	1326	1145	1383	1249	953	1246	1336	1121	1140	1440	1318	1985	1376	2137	2329	2839	3642	8268	4572	26408	2106	89559	247	5	0	0	0	0
LFQ	87	0	0	0	11985	6201	5627	4466	3423	2664	2149	1441	1775	1271	1121	1428	1168	929	1225	1453	1289	1052	1502	1235	2142	1404	2136	2500	2990	3607	8609	4707	26610	2665	87596	373	10	0	0	0	0
LFQ	88	0	0	0	11861	6098	5733	4585	3593	2742	2144	1447	1763	1299	1053	1397	1335	910	1118	1498	1331	1032	1510	1279	2370	1363	2222	2632	3159	3585	9160	4793	27454	2869	85004	405	9	0	0	0	0
LFQ	89	0	0	0	11712	6143	5743	4585	3604	2795	2226	1478	1860	1289	1006	1502	1398	910	1225	1565	1387	1106	1652	1265	2528	1383	2247	2794	3219	3751	9457	4993	27937	2889	82653	442	9	0	0	0	0
LFQ	90	0	0	0	11814	6215	5778	4636	3670	2719	2096	1550	1970	1254	1068	1570	1419	951	1194	1573	1299	1131	1677	1247	2701	1427	2187	2800	3430	3901	9904	5162	28621	2847	80489	435	18	0	0	0	0
LFQ	91	0	0	0	12093	6282	5747	4756	3632	2715	2361	1665	1861	1438	1204	1531	1372	1100	1429	1596	1338	1413	1637	1511	2362	1808	2474	2652	3404	4267	9440	5720	28268	2892	78415	362	8	0	0	0	0
LFQ	92	0	0	0	12021	6158	5846	4849	3617	2896	2381	1605	1924	1385	1224	1663	1417	1114	1341	1760	1477	1271	1882	1466	2629	1784	2664	2925	3744	4456	9976	5851	28972	3291	74660	492	12	0	0	0	0
LFQ	93	0	0	0	11877	6287	6004	4813	3698	2804	2379	1638	1996	1380	1225	1686	1493	1068	1408	1776	1573	1289	1862	1529	2789	1705	2745	3209	3926	4380	10666	6119	29225	3523	72082	582	17	0	0	0	0
LFQ	94	0	0	0	11871	6217	6061	4856	3785	3006	2298	1671	2166	1379	1218	1776	1631	1066	1387	1931	1644	1343	2039	1505	3025	1774	2722	3204	4050	4606	10927	6502	29779	3432	69335	530	17	0	0	0	0
LFQ	95	0	0	0	11710	6410	6062	4930	3779	2932	2388	1665	2223	1449	1251	1906	1718	1104	1385	1994	1626	1419	2093	1578	3331	1791	2745	3436	4215	4675	11235	6577	30029	3401	67102	576	18	0	0	0	0
LFQ	96	0	0	0	12191	6363	6157	5099	3928	2876	2617	1904	2216	1655	1519	1850	1648	1381	1633	1913	1642	1707	2125	1930	2981	2199	3123	3214	4163	5009	10897	7287	29581	3546	63912	469	18	0	0	0	0
LFQ	97	0	0	0	12074	6395	6268	5034	3974	3193	2492	1864	2239	1565	1420	1973	1698	1364	1665	2280	1756	1702	2302	1880	3145	2180	3235	3519	4375	5078	11448	7292	29966	3961	60855	552	9	0	0	0	0
LFQ	98	0	0	0	11998	6379	6273	5065	4005	3163	2455	1832	2387	1572	1432	2015	1824	1374	1638	2327	1907	1764	2413	1898	3464	2184	3240	3708	4716	5433	11764	7576	29860	4158	58277	632	20	0	0	0	0
LFQ	99	0	0	0	11884	6513	6278	5132	4017	3147	2548	1857	2480	1543	1429	2177	1916	1306	1692	2461	1967	1690	2429	1875	3671	2223	3262	3827	4799	5445	12216	7873	29648	4142	56616	675	15	0	0	0	0
LFQ	100	0	0	0	11921	6496	6147	5216	4078	3159	2663	1913	2494	1559	1519	2274	2078	1397	1704	2521	1996	1731	2539	1927	3771	2249	3384	4007	4958	5454	12535	7945	30143	4117	54180	660	18	0	0	0	0
LFQ	101	0	0	0	12323	6517	6494	5505	4168	3160	2885	2069	2445	1739	1802	2342	1864	1660	2022	2297	1997	2153	2581	2416	3232	2782	3639	3486	5005	5764	11125	8601	29065	4331	52710	562	12	0	0	0	0
LFQ	102	0	0	0	12366	6633	6580	5211	4089	3194	2836	2067	2502	1777	1757	2371	1936	1522	1965	2652	2122	2099	2686	2291	3740	2779	3919	3751	5053	5975	11790	8565	28638	4817	50309	743	18	0	0	0	0
LFQ	103	0	0	0	12187	6687	6513	5317	4289	3360	2787	1992	2681	1772	1620	2446	2091	1641	1981	2739	2194	2169	2791	2321	3969	2607	3890	4157	5281	5963	12151	8931	28824	4921	47707	759	15	0	0	0	0
LFQ	104	0	0	0	12187	6757	6428	5514	4277	3476	2843	2177	2901	1768	1694	2608	2349	1669	2033	2942	2303	2123	3022	2282	4353	2920	4123	4230	5519	6111	12780	8873	28627	4756	44351	743	14	0	0	0	0
LFQ	105	0	0	0	12092	6709	6604	5607	4342	3481	2788	2131	3067	1888	1763	2772	2340	1689	2036	3132	2451	2253	3076	2353	4498	2809	3985	4301	5546	6178	13034	9030	28690	4673	42718	705	12	0	0	0	0
LFQ	106	0	0	0	12495	6975	6525	5844	4541	3660	3374	2426	2919	2021	2223	2627	2271	2029	2576	2838	2383	2652	3051	2917	3847	3567	4367	4172	5764	6618	11656	10084	26399	5278	39878	758	18	0	0	0	0
LFQ	107	0	0	0	12309	6725	6846	6019	4665	3916	3292	2571	3176	2274	2363	3012	2543	2070	2643	3272	2712	2913	3509	2906	4546	3543	4494	4598	6016	6883	12878	10357	26648	4919	33473	648	14	0	0	0	0
LFQ	108	0	0	0	12385	6879	6881	6110	5325	4594	3519	3054	5795	2124	2348	5281	3954	2029	2824	5237	3423	2920	4515	3165	6504	3426	5289	5492	6112	6904	10567	5699	19424	4697	31560	680	37	0	0	0	0
# GC Content of first fragments. Use `grep ^GCF | cut -f 2-` to extract this part.
GCF	0.25	108
GCF	1.01	205
GCF	2.01	349
GCF	3.02	440
GCF	4.02	419
GCF	5.03	442
GCF	5.78	433
GCF	6.53	381
GCF	7.54	354
GCF	8.54	303
GCF	9.55	305
GCF	10.55	318
GCF	11.31	311
GCF	12.06	309
GCF	13.07	285
GCF	14.07	329
GCF	15.08	356
GCF	16.08	370
GCF	17.09	394
GCF	17.84	405
GCF	18.59	428
GCF	19.60	466
GCF	20.60	588
GCF	21.61	667
GCF	22.61	783
GCF	23.37	942
GCF	24.12	1199
GCF	25.13	1525
GCF	26.13	1757
GCF	27.14	2191
GCF	28.14	2658
GCF	28.89	3291
GCF	29.65	3922
GCF	30.65	4777
GCF	31.66	5605
GCF	32.66	6433
GCF	33.67	7301
GCF	34.67	8071
GCF	35.43	8797
GCF	36.18	9263
GCF	37.19	9829
GCF	38.19	10132
GCF	39.20	10300
GCF	40.20	10247
GCF	40.95	10284
GCF	41.71	9945
GCF	42.71	9290
GCF	43.72	8689
GCF	44.72	7603
GCF	45.73	6641
GCF	46.48	5731
GCF	47.24	4642
GCF	48.24	3781
GCF	49.25	3193
GCF	50.25	2506
GCF	51.26	2055
GCF	52.26	1536
GCF	53.02	1138
GCF	53.77	872
GCF	54.77	699
GCF	55.78	559
GCF	56.78	412
GCF	57.79	284
GCF	58.54	173
GCF	59.30	134
GCF	60.30	108
GCF	61.31	92
GCF	62.31	60
GCF	63.32	47
GCF	64.07	37
GCF	64.82	30
GCF	65.83	20
GCF	66.83	12
GCF	67.84	11
GCF	68.84	12
GCF	69.85	13
GCF	70.60	14
GCF	71.36	10
GCF	72.86	9
GCF	74.37	7
GCF	75.38	4
GCF	76.13	10
GCF	77.39	7
GCF	78.89	15
GCF	79.90	8
GCF	80.90	11
GCF	81.66	7
GCF	82.41	6
GCF	83.42	4
GCF	84.42	6
GCF	85.43	5
GCF	86.43	3
GCF	87.44	4
GCF	88.19	3
GCF	88.94	2
GCF	89.95	1
GCF	90.95	2
GCF	91.96	1
GCF	93.22	0
GCF	94.47	1
# GC Content of last fragments. Use `grep ^GCL | cut -f 2-` to extract this part.
GCL	0.25	102
GCL	1.01	187
GCL	2.01	287
GCL	3.02	404
GCL	4.02	429
GCL	5.03	423
GCL	5.78	440
GCL	6.53	422
GCL	7.54	419
GCL	8.54	360
GCL	9.55	378
GCL	10.55	420
GCL	11.31	365
GCL	12.06	430
GCL	13.07	393
GCL	14.07	439
GCL	15.08	465
GCL	16.08	441
GCL	17.09	507
GCL	17.84	492
GCL	18.59	504
GCL	19.60	531
GCL	20.60	642
GCL	21.61	723
GCL	22.61	855
GCL	23.37	915
GCL	24.12	1283
GCL	25.13	1475
GCL	26.13	1816
GCL	27.14	2150
GCL	28.14	2702
GCL	28.89	3218
GCL	29.65	3726
GCL	30.65	4442
GCL	31.66	5359
GCL	32.66	6106
GCL	33.67	6841
GCL	34.67	7546
GCL	35.43	8487
GCL	36.18	8739
GCL	37.19	9384
GCL	38.19	9551
GCL	39.20	9515
GCL	40.20	9230
GCL	40.95	8816
GCL	41.71	8171
GCL	42.71	7673
GCL	43.72	6909
GCL	44.72	6151
GCL	45.73	5350
GCL	46.48	4721
GCL	47.24	4125
GCL	48.24	3632
GCL	49.25	3262
GCL	50.25	2807
GCL	51.26	2529
GCL	52.26	2054
GCL	53.02	1873
GCL	53.77	1628
GCL	54.77	1480
GCL	55.78	1260
GCL	56.78	1096
GCL	57.79	982
GCL	58.54	865
GCL	59.30	782
GCL	60.30	740
GCL	61.31	662
GCL	62.31	605
GCL	63.32	526
GCL	64.07	491
GCL	64.82	443
GCL	65.83	413
GCL	66.83	420
GCL	67.84	323
GCL	68.84	337
GCL	69.85	369
GCL	70.60	329
GCL	71.36	282
GCL	72.36	302
GCL	73.37	272
GCL	74.37	219
GCL	75.38	232
GCL	76.13	214
GCL	76.88	224
GCL	77.89	183
GCL	78.89	167
GCL	79.90	173
GCL	80.90	139
GCL	81.66	144
GCL	82.41	117
GCL	83.42	112
GCL	84.42	100
GCL	85.43	98
GCL	86.93	61
GCL	88.19	70
GCL	88.94	55
GCL	89.95	37
GCL	90.95	25
GCL	91.96	17
GCL	92.96	18
GCL	93.72	12
GCL	94.47	11
GCL	95.48	15
GCL	96.48	0
GCL	97.49	8
GCL	98.49	3
GCL	99.50	4
# ACGT content per cycle. Use `grep ^GCC | cut -f 2-` to extract this part. The columns are: cycle; A,C,G,T base counts as a percentage of all A/C/G/T bases [%]; and N and O counts as a percentage of all A/C/G/T bases [%]
GCC	1	28.39	17.37	25.92	28.32	0.49	0.00
GCC	2	38.21	16.39	16.83	28.57	0.10	0.00
GCC	3	29.79	16.82	16.84	36.55	0.09	0.00
GCC	4	28.33	26.92	17.66	27.09	0.07	0.00
GCC	5	28.43	17.68	26.44	27.45	0.05	0.00
GCC	6	27.67	18.09	27.47	26.77	0.03	0.00
GCC	7	36.05	17.68	18.48	27.80	0.01	0.00
GCC	8	37.39	17.49	17.21	27.91	0.00	0.00
GCC	9	28.14	17.91	26.20	27.75	0.00	0.00
GCC	10	37.13	17.52	17.39	27.96	0.00	0.00
GCC	11	27.92	18.00	26.01	28.07	0.00	0.00
GCC	12	27.93	25.25	18.87	27.95	0.00	0.00
GCC	13	27.99	17.67	26.16	28.19	0.00	0.00
GCC	14	28.44	17.56	22.64	31.35	0.00	0.00
GCC	15	28.54	21.87	17.69	31.90	0.00	0.00
GCC	16	28.80	18.31	21.68	31.21	0.00	0.00
GCC	17	29.78	20.36	19.30	30.56	0.00	0.00
GCC	18	31.32	17.65	23.11	27.92	0.01	0.00
GCC	19	28.81	18.24	22.28	30.67	0.02	0.00
GCC	20	33.17	20.45	18.38	28.00	0.02	0.00
GCC	21	31.59	17.72	23.02	27.68	0.03	0.00
GCC	22	28.58	17.55	25.98	27.89	0.04	0.00
GCC	23	29.47	17.67	24.89	27.97	0.04	0.00
GCC	24	33.81	18.05	20.11	28.03	0.04	0.00
GCC	25	35.33	17.72	17.87	29.07	0.04	0.00
GCC	26	32.83	17.79	18.72	30.66	0.05	0.00
GCC	27	28.66	19.20	24.10	28.04	0.06	0.00
GCC	28	32.33	21.18	18.56	27.93	0.07	0.00
GCC	29	28.71	20.92	22.82	27.55	0.07	0.00
GCC	30	29.36	18.50	22.95	29.19	0.09	0.00
GCC	31	30.99	18.20	22.57	28.24	0.09	0.00
GCC	32	29.74	18.14	21.24	30.88	0.11	0.00
GCC	33	34.73	19.04	17.84	28.39	0.13	0.00
GCC	34	28.85	21.85	21.26	28.04	0.15	0.00
GCC	35	32.10	20.93	18.57	28.39	0.17	0.00
GCC	36	29.88	18.55	19.70	31.87	0.19	0.00
GCC	37	30.39	21.67	17.81	30.12	0.20	0.00
GCC	38	28.81	19.07	17.31	34.81	0.21	0.00
GCC	39	28.08	24.40	17.90	29.63	0.22	0.00
GCC	40	28.17	19.65	21.51	30.67	0.23	0.00
GCC	41	27.95	21.20	22.14	28.71	0.24	0.00
GCC	42	28.19	20.20	21.31	30.30	0.25	0.00
GCC	43	29.17	18.14	23.71	28.98	0.26	0.00
GCC	44	30.32	17.85	22.02	29.81	0.27	0.00
GCC	45	28.72	17.59	20.58	33.11	0.28	0.00
GCC	46	28.17	20.58	20.68	30.57	0.29	0.00
GCC	47	28.38	17.80	21.68	32.14	0.30	0.00
GCC	48	28.46	21.41	17.71	32.42	0.30	0.00
GCC	49	29.36	22.00	17.18	31.46	0.31	0.00
GCC	50	30.62	18.39	20.85	30.15	0.32	0.00
GCC	51	28.73	19.14	18.77	33.36	0.32	0.00
GCC	52	31.45	20.46	17.43	30.67	0.32	0.00
GCC	53	28.68	19.32	17.30	34.70	0.33	0.00
GCC	54	28.37	23.68	18.39	29.56	0.34	0.00
GCC	55	32.37	18.51	19.19	29.93	0.34	0.00
GCC	56	29.93	17.97	17.17	34.93	0.35	0.00
GCC	57	31.18	17.82	17.05	33.95	0.35	0.00
GCC	58	32.45	17.93	17.93	31.69	0.36	0.00
GCC	59	32.65	19.34	19.09	28.91	0.36	0.00
GCC	60	32.77	21.42	17.48	28.33	0.37	0.00
GCC	61	32.84	20.53	17.66	28.98	0.37	0.00
GCC	62	32.94	18.60	18.75	29.71	0.38	0.00
GCC	63	33.04	18.78	16.89	31.29	0.38	0.00
GCC	64	33.13	19.93	16.57	30.37	0.39	0.00
GCC	65	33.44	18.14	16.48	31.94	0.39	0.00
GCC	66	33.69	18.38	16.27	31.66	0.39	0.00
GCC	67	33.71	19.55	16.64	30.10	0.39	0.00
GCC	68	33.80	17.87	17.34	30.98	0.41	0.00
GCC	69	33.78	18.52	18.81	28.89	0.41	0.00
GCC	70	33.76	19.78	16.84	29.63	0.42	0.00
GCC	71	33.98	17.80	16.83	31.40	0.42	0.00
GCC	72	34.05	17.66	17.41	30.88	0.42	0.00
GCC	73	34.78	17.76	18.78	28.68	0.42	0.00
GCC	74	37.05	17.78	17.02	28.16	0.43	0.00
GCC	75	37.40	17.90	16.52	28.18	0.43	0.00
GCC	76	37.36	17.90	16.48	28.26	0.44	0.00
GCC	77	37.18	17.95	16.59	28.29	0.45	0.00
GCC	78	36.80	18.22	16.70	28.27	0.44	0.00
GCC	79	36.74	18.34	16.69	28.23	0.45	0.00
GCC	80	36.57	18.19	16.78	28.46	0.46	0.00
GCC	81	36.32	18.56	16.82	28.30	0.45	0.00
GCC	82	35.72	19.01	16.89	28.38	0.45	0.00
GCC	83	35.49	19.07	17.06	28.39	0.46	0.00
GCC	84	34.94	19.31	17.25	28.51	0.46	0.00
GCC	85	34.75	19.45	17.22	28.58	0.46	0.00
GCC	86	34.43	19.63	17.27	28.68	0.47	0.00
GCC	87	34.09	19.73	17.51	28.67	0.47	0.00
GCC	88	33.90	19.77	17.48	28.85	0.47	0.00
GCC	89	33.51	20.09	17.67	28.73	0.46	0.00
GCC	90	33.32	20.24	17.71	28.74	0.49	0.00
GCC	91	33.29	20.28	17.68	28.74	0.49	0.00
GCC	92	32.82	20.47	17.93	28.78	0.50	0.00
GCC	93	32.75	20.45	17.93	28.87	0.51	0.00
GCC	94	32.64	20.64	17.85	28.87	0.51	0.00
GCC	95	32.36	20.70	17.93	29.01	0.51	0.00
GCC	96	32.17	20.87	18.14	28.82	0.51	0.00
GCC	97	32.21	20.85	17.99	28.95	0.51	0.00
GCC	98	32.26	20.84	18.03	28.88	0.52	0.00
GCC	99	31.68	21.21	18.28	28.83	0.51	0.00
GCC	100	31.65	21.23	18.21	28.92	0.52	0.00
GCC	101	31.43	21.27	18.34	28.96	0.52	0.00
GCC	102	31.52	21.26	18.30	28.92	0.52	0.00
GCC	103	31.16	21.32	18.56	28.95	0.52	0.00
GCC	104	31.38	21.36	18.32	28.95	0.52	0.00
GCC	105	31.11	21.49	18.46	28.94	0.53	0.00
GCC	106	31.13	21.53	18.33	29.00	0.52	0.00
GCC	107	30.88	21.72	18.48	28.92	0.54	0.00
GCC	108	30.24	22.38	19.58	27.80	0.55	0.00
# ACGT content per cycle for first fragments. Use `grep ^FBC | cut -f 2-` to extract this part. The columns are: cycle; A,C,G,T base counts as a percentage of all A/C/G/T bases [%]; and N and O counts as a percentage of all A/C/G/T bases [%]
FBC	1	28.20	17.33	26.05	28.42	0.78	0.00
FBC	2	38.87	15.65	16.52	28.96	0.00	0.00
FBC	3	29.28	16.09	17.19	37.43	0.00	0.00
FBC	4	28.87	26.40	17.51	27.22	0.00	0.00
FBC	5	28.85	16.56	26.80	27.79	0.00	0.00
FBC	6	27.99	17.16	27.76	27.09	0.00	0.00
FBC	7	38.15	16.56	16.93	28.36	0.00	0.00
FBC	8	37.56	16.76	17.27	28.41	0.00	0.00
FBC	9	27.93	17.48	26.57	28.03	0.00	0.00
FBC	10	37.68	16.49	17.33	28.49	0.00	0.00
FBC	11	28.06	17.35	25.58	29.01	0.00	0.00
FBC	12	28.14	26.34	17.29	28.24	0.00	0.00
FBC	13	28.49	17.27	25.41	28.83	0.00	0.00
FBC	14	28.77	17.22	23.67	30.34	0.00	0.00
FBC	15	29.01	17.21	17.40	36.38	0.00	0.00
FBC	16	29.79	18.72	16.65	34.84	0.00	0.00
FBC	17	31.59	22.97	17.55	27.90	0.00	0.00
FBC	18	35.06	17.27	19.17	28.50	0.00	0.00
FBC	19	29.41	18.90	23.93	27.77	0.00	0.00
FBC	20	31.16	23.22	17.76	27.85	0.00	0.00
FBC	21	35.04	17.28	19.61	28.07	0.00	0.00
FBC	22	29.28	17.04	25.38	28.29	0.00	0.00
FBC	23	30.78	17.31	23.45	28.46	0.00	0.00
FBC	24	35.70	18.11	17.60	28.59	0.00	0.00
FBC	25	34.69	17.59	17.44	30.29	0.00	0.00
FBC	26	29.44	17.71	19.26	33.60	0.00	0.00
FBC	27	28.71	20.23	22.78	28.27	0.00	0.00
FBC	28	28.59	24.61	18.87	27.94	0.00	0.00
FBC	29	29.34	23.79	19.34	27.54	0.00	0.00
FBC	30	30.28	19.16	22.79	27.76	0.00	0.00
FBC	31	34.18	17.89	19.34	28.60	0.00	0.00
FBC	32	31.08	18.07	22.10	28.75	0.00	0.00
FBC	33	33.89	20.00	17.73	28.38	0.00	0.00
FBC	34	29.40	24.76	17.16	28.68	0.00	0.00
FBC	35	28.92	23.61	18.82	28.65	0.00	0.00
FBC	36	30.72	18.74	21.28	29.26	0.00	0.00
FBC	37	32.88	18.42	17.45	31.25	0.00	0.00
FBC	38	29.37	19.81	16.94	33.88	0.00	0.00
FBC	39	28.69	22.63	16.96	31.72	0.00	0.00
FBC	40	28.86	20.59	16.86	33.69	0.00	0.00
FBC	41	28.52	23.87	17.62	29.99	0.00	0.00
FBC	42	28.82	22.11	19.58	29.49	0.00	0.00
FBC	43	30.77	17.64	21.12	30.48	0.00	0.00
FBC	44	33.09	16.87	17.74	32.30	0.00	0.00
FBC	45	29.51	16.81	18.61	35.06	0.00	0.00
FBC	46	28.77	17.18	20.69	33.37	0.00	0.00
FBC	47	28.93	16.92	17.20	36.96	0.00	0.00
FBC	48	29.22	17.36	16.32	37.10	0.00	0.00
FBC	49	31.02	17.17	16.32	35.49	0.00	0.00
FBC	50	32.98	18.07	16.48	32.47	0.00	0.00
FBC	51	29.22	19.50	16.95	34.33	0.00	0.00
FBC	52	28.55	22.47	16.91	32.08	0.00	0.00
FBC	53	28.57	20.35	17.39	33.70	0.00	0.00
FBC	54	28.14	22.08	19.34	30.44	0.00	0.00
FBC	55	28.70	18.52	21.66	31.11	0.00	0.00
FBC	56	30.32	18.07	17.73	33.88	0.00	0.00
FBC	57	32.73	17.89	17.55	31.84	0.00	0.00
FBC	58	28.92	18.21	19.18	33.68	0.00	0.00
FBC	59	27.71	20.89	21.59	29.81	0.00	0.00
FBC	60	27.87	24.99	18.16	28.99	0.00	0.00
FBC	61	27.73	23.31	18.84	30.12	0.00	0.00
FBC	62	27.89	19.43	20.95	31.72	0.00	0.00
FBC	63	28.07	19.87	17.24	34.82	0.00	0.00
FBC	64	28.12	22.19	16.74	32.95	0.00	0.00
FBC	65	28.32	18.87	16.80	36.01	0.00	0.00
FBC	66	28.56	19.51	16.51	35.42	0.00	0.00
FBC	67	28.60	21.89	17.24	32.27	0.00	0.00
FBC	68	28.88	18.42	18.65	34.05	0.00	0.00
FBC	69	29.42	19.33	21.36	29.89	0.00	0.00
FBC	70	30.00	21.57	17.31	31.11	0.00	0.00
FBC	71	30.88	17.26	16.83	35.02	0.00	0.00
FBC	72	31.54	16.58	18.10	33.79	0.00	0.00
FBC	73	33.44	16.75	20.67	29.13	0.00	0.00
FBC	74	38.45	16.41	16.83	28.32	0.00	0.00
FBC	75	39.54	16.48	15.84	28.14	0.00	0.00
FBC	76	39.66	16.38	15.66	28.30	0.00	0.00
FBC	77	39.63	16.31	15.89	28.16	0.00	0.00
FBC	78	39.55	16.51	15.83	28.11	0.00	0.00
FBC	79	39.42	16.71	15.67	28.20	0.00	0.00
FBC	80	39.24	16.45	15.80	28.51	0.00	0.00
FBC	81	38.97	16.86	15.80	28.37	0.00	0.00
FBC	82	38.10	17.50	15.76	28.64	0.00	0.00
FBC	83	37.88	17.71	15.99	28.42	0.00	0.00
FBC	84	37.03	18.13	16.24	28.61	0.00	0.00
FBC	85	36.63	18.46	16.19	28.71	0.00	0.00
FBC	86	36.32	18.57	16.26	28.84	0.00	0.00
FBC	87	35.75	18.76	16.62	28.87	0.00	0.00
FBC	88	35.49	18.87	16.39	29.25	0.00	0.00
FBC	89	34.96	19.32	16.68	29.04	0.00	0.00
FBC	90	34.73	19.54	16.67	29.06	0.01	0.00
FBC	91	34.56	19.60	16.67	29.17	0.01	0.00
FBC	92	33.92	19.81	17.05	29.22	0.01	0.00
FBC	93	33.94	19.78	16.93	29.35	0.01	0.00
FBC	94	33.68	20.03	17.01	29.28	0.01	0.00
FBC	95	33.20	20.10	17.10	29.61	0.01	0.00
FBC	96	33.08	20.32	17.16	29.44	0.00	0.00
FBC	97	33.09	20.29	17.20	29.42	0.00	0.00
FBC	98	33.50	20.19	17.02	29.29	0.00	0.00
FBC	99	32.26	20.78	17.51	29.46	0.00	0.00
FBC	100	32.29	20.80	17.30	29.61	0.00	0.00
FBC	101	32.16	20.80	17.47	29.57	0.00	0.00
FBC	102	32.08	20.90	17.45	29.57	0.00	0.00
FBC	103	31.75	20.83	17.74	29.68	0.00	0.00
FBC	104	32.06	20.79	17.45	29.70	0.00	0.00
FBC	105	31.67	20.88	17.79	29.66	0.00	0.00
FBC	106	31.79	21.07	17.42	29.72	0.00	0.00
FBC	107	31.41	21.36	17.74	29.49	0.01	0.00
FBC	108	31.04	21.81	18.24	28.91	0.01	0.00
# ACGT raw counters for first fragments. Use `grep ^FTC | cut -f 2-` to extract this part. The columns are: A,C,G,T,N base counters
FTC	6847302	4136323	3969210	6510712	1777
# ACGT content per cycle for last fragments. Use `grep ^LBC | cut -f 2-` to extract this part. The columns are: cycle; A,C,G,T base counts as a percentage of all A/C/G/T bases [%]; and N and O counts as a percentage of all A/C/G/T bases [%]
LBC	1	28.57	17.41	25.79	28.23	0.21	0.00
LBC	2	37.55	17.14	17.13	28.19	0.21	0.00
LBC	3	30.31	17.55	16.49	35.66	0.18	0.00
LBC	4	27.79	27.44	17.81	26.95	0.15	0.00
LBC	5	28.00	18.80	26.09	27.12	0.10	0.00
LBC	6	27.34	19.02	27.19	26.45	0.06	0.00
LBC	7	33.94	18.80	20.03	27.23	0.01	0.00
LBC	8	37.21	18.23	17.15	27.42	0.00	0.00
LBC	9	28.36	18.34	25.83	27.47	0.00	0.00
LBC	10	36.58	18.54	17.46	27.42	0.00	0.00
LBC	11	27.77	18.65	26.44	27.14	0.00	0.00
LBC	12	27.72	24.16	20.45	27.66	0.00	0.00
LBC	13	27.48	18.07	26.91	27.54	0.00	0.00
LBC	14	28.12	17.90	21.62	32.36	0.00	0.00
LBC	15	28.06	26.53	17.98	27.43	0.00	0.00
LBC	16	27.81	17.90	26.71	27.58	0.01	0.00
LBC	17	27.98	17.75	21.06	33.22	0.01	0.00
LBC	18	27.58	18.02	27.05	27.35	0.01	0.00
LBC	19	28.22	17.58	20.63	33.57	0.03	0.00
LBC	20	35.17	17.67	19.00	28.16	0.05	0.00
LBC	21	28.13	18.16	26.43	27.28	0.06	0.00
LBC	22	27.88	18.05	26.58	27.48	0.07	0.00
LBC	23	28.17	18.04	26.32	27.47	0.07	0.00
LBC	24	31.91	17.98	22.63	27.48	0.07	0.00
LBC	25	35.97	17.86	18.31	27.86	0.09	0.00
LBC	26	36.22	17.88	18.18	27.72	0.11	0.00
LBC	27	28.61	18.16	25.42	27.80	0.11	0.00
LBC	28	36.08	17.75	18.25	27.93	0.14	0.00
LBC	29	28.07	18.05	26.31	27.56	0.15	0.00
LBC	30	28.44	17.85	23.10	30.62	0.18	0.00
LBC	31	27.80	18.50	25.81	27.89	0.18	0.00
LBC	32	28.40	18.20	20.38	33.02	0.22	0.00
LBC	33	35.58	18.08	17.94	28.40	0.26	0.00
LBC	34	28.30	18.92	25.37	27.40	0.31	0.00
LBC	35	35.29	18.25	18.32	28.14	0.34	0.00
LBC	36	29.05	18.35	18.12	34.48	0.38	0.00
LBC	37	27.90	24.94	18.17	29.00	0.40	0.00
LBC	38	28.24	18.33	17.69	35.75	0.42	0.00
LBC	39	27.47	26.17	18.84	27.52	0.44	0.00
LBC	40	27.47	18.70	26.18	27.65	0.47	0.00
LBC	41	27.39	18.51	26.68	27.42	0.48	0.00
LBC	42	27.54	18.29	23.05	31.12	0.50	0.00
LBC	43	27.57	18.63	26.33	27.47	0.51	0.00
LBC	44	27.54	18.83	26.31	27.31	0.55	0.00
LBC	45	27.92	18.38	22.56	31.15	0.56	0.00
LBC	46	27.57	24.00	20.67	27.75	0.58	0.00
LBC	47	27.84	18.68	26.19	27.29	0.59	0.00
LBC	48	27.69	25.48	19.11	27.72	0.60	0.00
LBC	49	27.68	26.87	18.04	27.41	0.62	0.00
LBC	50	28.24	18.70	25.24	27.81	0.64	0.00
LBC	51	28.24	18.79	20.60	32.37	0.65	0.00
LBC	52	34.37	18.43	17.96	29.25	0.65	0.00
LBC	53	28.80	18.28	17.20	35.71	0.66	0.00
LBC	54	28.60	25.29	17.43	28.68	0.67	0.00
LBC	55	36.06	18.50	16.71	28.74	0.69	0.00
LBC	56	29.54	17.86	16.60	36.00	0.71	0.00
LBC	57	29.63	17.76	16.54	36.07	0.71	0.00
LBC	58	36.00	17.66	16.67	29.67	0.72	0.00
LBC	59	37.64	17.77	16.58	28.01	0.73	0.00
LBC	60	37.71	17.82	16.80	27.68	0.73	0.00
LBC	61	37.98	17.72	16.48	27.82	0.74	0.00
LBC	62	38.03	17.75	16.54	27.68	0.76	0.00
LBC	63	38.05	17.68	16.53	27.73	0.76	0.00
LBC	64	38.18	17.65	16.40	27.77	0.78	0.00
LBC	65	38.59	17.41	16.16	27.84	0.78	0.00
LBC	66	38.87	17.24	16.02	27.88	0.79	0.00
LBC	67	38.85	17.20	16.04	27.91	0.79	0.00
LBC	68	38.77	17.31	16.03	27.89	0.81	0.00
LBC	69	38.17	17.70	16.24	27.89	0.83	0.00
LBC	70	37.54	17.96	16.36	28.13	0.83	0.00
LBC	71	37.10	18.34	16.82	27.74	0.84	0.00
LBC	72	36.59	18.75	16.71	27.95	0.85	0.00
LBC	73	36.13	18.78	16.87	28.22	0.85	0.00
LBC	74	35.63	19.16	17.21	28.00	0.86	0.00
LBC	75	35.24	19.34	17.20	28.22	0.87	0.00
LBC	76	35.03	19.44	17.30	28.23	0.89	0.00
LBC	77	34.70	19.59	17.29	28.41	0.90	0.00
LBC	78	34.03	19.94	17.59	28.44	0.88	0.00
LBC	79	34.03	19.98	17.72	28.27	0.90	0.00
LBC	80	33.87	19.95	17.76	28.42	0.92	0.00
LBC	81	33.65	20.27	17.85	28.23	0.91	0.00
LBC	82	33.32	20.54	18.02	28.12	0.91	0.00
LBC	83	33.08	20.43	18.13	28.35	0.92	0.00
LBC	84	32.83	20.50	18.26	28.40	0.93	0.00
LBC	85	32.84	20.46	18.25	28.45	0.93	0.00
LBC	86	32.51	20.69	18.28	28.52	0.94	0.00
LBC	87	32.41	20.71	18.42	28.46	0.95	0.00
LBC	88	32.30	20.68	18.57	28.45	0.95	0.00
LBC	89	32.05	20.87	18.67	28.41	0.92	0.00
LBC	90	31.89	20.94	18.76	28.41	0.97	0.00
LBC	91	32.01	20.97	18.70	28.31	0.97	0.00
LBC	92	31.72	21.13	18.82	28.33	0.99	0.00
LBC	93	31.55	21.12	18.93	28.40	1.01	0.00
LBC	94	31.59	21.25	18.69	28.47	1.01	0.00
LBC	95	31.51	21.30	18.77	28.41	1.01	0.00
LBC	96	31.25	21.42	19.12	28.20	1.03	0.00
LBC	97	31.31	21.43	18.79	28.47	1.03	0.00
LBC	98	31.00	21.49	19.04	28.46	1.03	0.00
LBC	99	31.10	21.65	19.07	28.19	1.03	0.00
LBC	100	31.00	21.66	19.12	28.22	1.05	0.00
LBC	101	30.69	21.75	19.21	28.34	1.05	0.00
LBC	102	30.96	21.62	19.16	28.26	1.05	0.00
LBC	103	30.57	21.83	19.39	28.22	1.04	0.00
LBC	104	30.70	21.93	19.19	28.19	1.04	0.00
LBC	105	30.54	22.11	19.14	28.22	1.06	0.00
LBC	106	30.47	22.00	19.25	28.28	1.04	0.00
LBC	107	30.34	22.08	19.23	28.35	1.07	0.00
LBC	108	29.43	22.95	20.93	26.69	1.09	0.00
# ACGT raw counters for last fragments. Use `grep ^LTC | cut -f 2-` to extract this part. The columns are: A,C,G,T,N base counters
LTC	6777284	4194546	4245122	6124925	123447
# Insert sizes. Use `grep ^IS | cut -f 2-` to extract this part. The columns are: insert size, pairs total, inward oriented pairs, outward oriented pairs, other pairs
IS	0	167	0	0	167
IS	1	0	0	0	0
IS	2	11	0	1	10
IS	3	3	0	0	3
IS	4	1	0	0	1
IS	5	2	0	0	2
IS	6	0	0	0	0
IS	7	0	0	0	0
IS	8	0	0	0	0
IS	9	0	0	0	0
IS	10	0	0	0	0
IS	11	1	0	1	0
IS	12	1	0	0	1
IS	13	0	0	0	0
IS	14	1	0	1	0
IS	15	1	0	1	0
IS	16	0	0	0	0
IS	17	0	0	0	0
IS	18	0	0	0	0
IS	19	7	5	1	1
IS	20	5	2	2	1
IS	21	2	1	0	1
IS	22	0	0	0	0
IS	23	2	0	1	1
IS	24	0	0	0	0
IS	25	3	0	3	0
IS	26	1	0	1	0
IS	27	4	2	1	1
IS	28	2	0	1	1
IS	29	2	0	0	2
IS	30	0	0	0	0
IS	31	2	0	1	1
IS	32	3	1	1	1
IS	33	0	0	0	0
IS	34	2	1	0	1
IS	35	5	3	0	2
IS	36	2	0	1	1
IS	37	2	1	1	0
IS	38	0	0	0	0
IS	39	0	0	0	0
IS	40	6	1	3	2
IS	41	4	1	2	1
IS	42	0	0	0	0
IS	43	3	0	2	1
IS	44	3	2	0	1
IS	45	7	3	3	1
IS	46	4	0	2	2
IS	47	3	0	1	2
IS	48	2	1	1	0
IS	49	1	1	0	0
IS	50	2	0	2	0
IS	51	7	1	3	3
IS	52	5	3	2	0
IS	53	4	2	2	0
IS	54	5	0	3	2
IS	55	4	3	0	1
IS	56	3	0	1	2
IS	57	3	0	1	2
IS	58	3	0	2	1
IS	59	4	0	4	0
IS	60	7	1	4	2
IS	61	4	0	4	0
IS	62	7	3	4	0
IS	63	7	3	4	0
IS	64	4	0	3	1
IS	65	3	1	1	1
IS	66	2	2	0	0
IS	67	9	3	3	3
IS	68	5	1	2	2
IS	69	7	3	3	1
IS	70	6	3	3	0
IS	71	7	0	2	5
IS	72	8	3	4	1
IS	73	7	2	4	1
IS	74	6	1	2	3
IS	75	7	3	2	2
IS	76	10	2	6	2
IS	77	5	3	2	0
IS	78	13	3	7	3
IS	79	4	2	2	0
IS	80	17	7	7	3
IS	81	14	7	4	3
IS	82	7	5	2	0
IS	83	10	4	5	1
IS	84	13	6	5	2
IS	85	8	2	6	0
IS	86	12	7	2	3
IS	87	8	3	3	2
IS	88	7	2	3	2
IS	89	9	5	3	1
IS	90	6	4	1	1
IS	91	11	8	2	1
IS	92	14	7	5	2
IS	93	19	10	8	1
IS	94	20	8	9	3
IS	95	18	7	11	0
IS	96	15	7	6	2
IS	97	17	9	7	1
IS	98	14	7	4	3
IS	99	15	4	8	3
IS	100	22	16	6	0
IS	101	24	9	14	1
IS	102	23	14	8	1
IS	103	26	9	14	3
IS	104	19	7	11	1
IS	105	33	15	17	1
IS	106	32	17	15	0
IS	107	26	5	17	4
IS	108	24	14	6	4
IS	109	30	28	0	2
IS	110	49	47	0	2
IS	111	25	24	0	1
IS	112	41	40	0	1
IS	113	40	40	0	0
IS	114	46	43	1	2
IS	115	60	59	0	1
IS	116	44	44	0	0
IS	117	41	36	0	5
IS	118	53	51	0	2
IS	119	59	58	0	1
IS	120	55	54	0	1
IS	121	60	57	1	2
IS	122	52	50	0	2
IS	123	66	64	0	2
IS	124	79	77	0	2
IS	125	71	68	1	2
IS	126	60	60	0	0
IS	127	83	79	0	4
IS	128	64	63	0	1
IS	129	85	83	0	2
IS	130	83	81	0	2
IS	131	89	89	0	0
IS	132	93	91	0	2
IS	133	111	106	0	5
IS	134	100	99	0	1
IS	135	95	93	0	2
IS	136	81	80	0	1
IS	137	109	108	0	1
IS	138	108	106	0	2
IS	139	116	116	0	0
IS	140	93	90	0	3
IS	141	124	122	0	2
IS	142	104	102	0	2
IS	143	117	114	0	3
IS	144	114	112	0	2
IS	145	116	111	1	4
IS	146	125	123	0	2
IS	147	122	118	0	4
IS	148	129	126	0	3
IS	149	147	145	0	2
IS	150	123	122	0	1
IS	151	128	125	0	3
IS	152	115	114	0	1
IS	153	120	120	0	0
IS	154	129	129	0	0
IS	155	147	146	0	1
IS	156	134	132	0	2
IS	157	136	135	0	1
IS	158	130	121	0	9
IS	159	105	103	0	2
IS	160	127	127	0	0
IS	161	129	128	0	1
IS	162	131	130	0	1
IS	163	126	123	0	3
IS	164	133	133	0	0
IS	165	134	134	0	0
IS	166	165	163	0	2
IS	167	129	129	0	0
IS	168	134	134	0	0
IS	169	154	150	0	4
IS	170	143	140	0	3
IS	171	146	146	0	0
IS	172	158	154	0	4
IS	173	135	133	0	2
IS	174	171	170	0	1
IS	175	146	146	0	0
IS	176	151	151	0	0
IS	177	131	131	0	0
IS	178	162	160	0	2
IS	179	151	151	0	0
IS	180	145	142	0	3
IS	181	160	156	0	4
IS	182	153	152	0	1
IS	183	157	157	0	0
IS	184	156	154	0	2
IS	185	144	143	0	1
IS	186	150	149	0	1
IS	187	160	159	0	1
IS	188	183	180	0	3
IS	189	150	149	0	1
IS	190	139	138	0	1
IS	191	144	144	0	0
IS	192	171	171	0	0
IS	193	146	145	0	1
IS	194	163	161	0	2
IS	195	164	162	0	2
IS	196	174	173	0	1
IS	197	163	163	0	0
IS	198	167	167	0	0
IS	199	155	154	1	0
IS	200	160	160	0	0
IS	201	168	167	0	1
IS	202	199	199	0	0
IS	203	185	183	1	1
IS	204	167	167	0	0
IS	205	190	190	0	0
IS	206	170	169	0	1
IS	207	168	167	0	1
IS	208	182	180	0	2
IS	209	186	185	0	1
IS	210	183	183	0	0
IS	211	183	183	0	0
IS	212	174	174	0	0
IS	213	191	190	0	1
IS	214	173	173	0	0
IS	215	188	185	0	3
IS	216	226	224	1	1
IS	217	179	178	0	1
IS	218	214	212	0	2
IS	219	212	212	0	0
IS	220	220	220	0	0
IS	221	205	204	1	0
IS	222	209	209	0	0
IS	223	224	224	0	0
IS	224	199	199	0	0
IS	225	223	221	0	2
IS	226	242	241	1	0
IS	227	218	217	0	1
IS	228	230	228	1	1
IS	229	250	250	0	0
IS	230	258	257	0	1
IS	231	264	264	0	0
IS	232	275	274	0	1
IS	233	294	290	0	4
IS	234	308	306	2	0
IS	235	298	297	0	1
IS	236	334	334	0	0
IS	237	331	331	0	0
IS	238	356	355	0	1
IS	239	357	356	0	1
IS	240	439	439	0	0
IS	241	460	459	0	1
IS	242	478	478	0	0
IS	243	508	508	0	0
IS	244	514	514	0	0
IS	245	600	600	0	0
IS	246	648	646	0	2
IS	247	685	685	0	0
IS	248	687	687	0	0
IS	249	815	815	0	0
IS	250	789	789	0	0
IS	251	851	850	0	1
IS	252	895	895	0	0
IS	253	915	915	0	0
IS	254	1004	1004	0	0
IS	255	1103	1103	0	0
IS	256	1105	1105	0	0
IS	257	1124	1124	0	0
IS	258	1220	1220	0	0
IS	259	1229	1229	0	0
IS	260	1268	1267	0	1
IS	261	1284	1284	0	0
IS	262	1303	1303	0	0
IS	263	1354	1353	1	0
IS	264	1313	1313	0	0
IS	265	1442	1442	0	0
IS	266	1466	1465	0	1
IS	267	1505	1504	0	1
IS	268	1531	1531	0	0
IS	269	1493	1493	0	0
IS	270	1474	1474	0	0
IS	271	1496	1496	0	0
IS	272	1527	1526	0	1
IS	273	1625	1625	0	0
IS	274	1535	1535	0	0
IS	275	1546	1546	0	0
IS	276	1553	1553	0	0
IS	277	1515	1515	0	0
IS	278	1541	1541	0	0
IS	279	1557	1557	0	0
IS	280	1579	1578	0	1
IS	281	1576	1576	0	0
IS	282	1614	1614	0	0
IS	283	1560	1560	0	0
IS	284	1610	1610	0	0
IS	285	1495	1495	0	0
IS	286	1608	1608	0	0
IS	287	1563	1563	0	0
IS	288	1606	1606	0	0
IS	289	1577	1577	0	0
IS	290	1543	1543	0	0
IS	291	1537	1537	0	0
IS	292	1511	1511	0	0
IS	293	1560	1560	0	0
IS	294	1589	1589	0	0
IS	295	1577	1577	0	0
IS	296	1578	1578	0	0
IS	297	1517	1517	0	0
IS	298	1467	1467	0	0
IS	299	1535	1535	0	0
IS	300	1523	1523	0	0
IS	301	1474	1474	0	0
IS	302	1489	1489	0	0
IS	303	1474	1474	0	0
IS	304	1448	1448	0	0
IS	305	1412	1412	0	0
IS	306	1359	1359	0	0
IS	307	1390	1390	0	0
IS	308	1379	1378	1	0
IS	309	1318	1318	0	0
IS	310	1257	1257	0	0
IS	311	1304	1304	0	0
IS	312	1274	1274	0	0
IS	313	1255	1255	0	0
IS	314	1228	1228	0	0
IS	315	1157	1157	0	0
IS	316	1103	1103	0	0
IS	317	1096	1096	0	0
IS	318	1021	1021	0	0
IS	319	907	907	0	0
IS	320	989	988	0	1
IS	321	928	928	0	0
IS	322	812	812	0	0
IS	323	785	785	0	0
IS	324	779	779	0	0
IS	325	710	710	0	0
IS	326	736	736	0	0
IS	327	688	688	0	0
IS	328	674	674	0	0
IS	329	644	644	0	0
IS	330	610	610	0	0
IS	331	589	589	0	0
IS	332	543	543	0	0
IS	333	502	502	0	0
IS	334	522	522	0	0
IS	335	487	487	0	0
IS	336	421	421	0	0
IS	337	463	463	0	0
IS	338	421	421	0	0
IS	339	385	385	0	0
IS	340	352	351	1	0
IS	341	353	353	0	0
IS	342	362	362	0	0
IS	343	352	352	0	0
IS	344	307	307	0	0
IS	345	301	301	0	0
IS	346	257	257	0	0
IS	347	250	250	0	0
IS	348	249	249	0	0
IS	349	234	234	0	0
IS	350	238	238	0	0
IS	351	212	212	0	0
IS	352	204	204	0	0
IS	353	227	227	0	0
IS	354	189	189	0	0
IS	355	177	177	0	0
IS	356	163	163	0	0
IS	357	149	149	0	0
IS	358	160	160	0	0
IS	359	128	128	0	0
IS	360	131	131	0	0
IS	361	105	105	0	0
IS	362	103	103	0	0
IS	363	94	94	0	0
IS	364	87	87	0	0
IS	365	96	96	0	0
IS	366	81	81	0	0
IS	367	71	71	0	0
IS	368	83	83	0	0
IS	369	65	65	0	0
IS	370	55	55	0	0
IS	371	55	55	0	0
IS	372	56	56	0	0
IS	373	43	43	0	0
IS	374	43	43	0	0
IS	375	33	33	0	0
IS	376	40	40	0	0
IS	377	37	37	0	0
IS	378	34	34	0	0
IS	379	29	28	0	1
IS	380	30	30	0	0
IS	381	24	24	0	0
IS	382	22	22	0	0
IS	383	19	19	0	0
IS	384	25	24	0	1
IS	385	22	22	0	0
IS	386	19	19	0	0
IS	387	13	12	0	1
IS	388	16	16	0	0
IS	389	14	14	0	0
IS	390	14	14	0	0
IS	391	10	10	0	0
IS	392	15	15	0	0
IS	393	7	7	0	0
IS	394	12	12	0	0
IS	395	11	11	0	0
IS	396	6	6	0	0
IS	397	8	8	0	0
IS	398	8	8	0	0
IS	399	9	8	1	0
IS	400	9	9	0	0
IS	401	13	13	0	0
IS	402	4	4	0	0
IS	403	8	8	0	0
IS	404	4	4	0	0
IS	405	5	5	0	0
IS	406	8	8	0	0
IS	407	11	10	0	1
IS	408	3	3	0	0
IS	409	6	6	0	0
IS	410	4	4	0	0
IS	411	9	8	0	1
IS	412	2	2	0	0
IS	413	4	4	0	0
IS	414	4	4	0	0
IS	415	6	6	0	0
IS	416	2	2	0	0
IS	417	4	4	0	0
IS	418	4	4	0	0
IS	419	7	7	0	0
# Read lengths. Use `grep ^RL | cut -f 2-` to extract this part. The columns are: read length, count
RL	108	397506
# Read lengths - first fragments. Use `grep ^FRL | cut -f 2-` to extract this part. The columns are: read length, count
FRL	108	198753
# Read lengths - last fragments. Use `grep ^LRL | cut -f 2-` to extract this part. The columns are: read length, count
LRL	108	198753
# Indel distribution. Use `grep ^ID | cut -f 2-` to extract this part. The columns are: length, number of insertions, number of deletions
ID	1	5649	7092
ID	2	1286	1781
ID	3	1015	997
ID	4	540	859
ID	5	475	555
ID	6	463	349
ID	7	103	404
ID	8	69	118
ID	9	69	206
ID	10	102	104
ID	11	54	27
ID	12	63	225
ID	13	15	48
ID	14	10	80
ID	15	36	29
ID	16	22	147
ID	17	4	42
ID	18	21	37
ID	19	7	38
ID	20	8	23
ID	21	7	12
ID	22	2	8
ID	23	0	4
ID	24	2	21
ID	25	3	2
ID	26	1	0
ID	27	3	3
ID	28	7	2
ID	29	4	2
ID	30	3	1
ID	31	0	28
ID	32	0	3
ID	34	0	7
ID	36	0	2
ID	40	0	12
ID	48	0	1
# Indels per cycle. Use `grep ^IC | cut -f 2-` to extract this part. The columns are: cycle, number of insertions (fwd), .. (rev) , number of deletions (fwd), .. (rev)
IC	3	0	0	20	21
IC	4	16	16	25	24
IC	5	19	23	29	29
IC	6	26	36	42	30
IC	7	26	25	34	29
IC	8	35	23	58	33
IC	9	38	32	51	32
IC	10	38	35	65	46
IC	11	39	39	66	53
IC	12	43	48	49	47
IC	13	39	40	56	59
IC	14	48	37	54	54
IC	15	48	35	58	71
IC	16	50	67	68	51
IC	17	48	43	59	74
IC	18	40	54	65	72
IC	19	51	45	67	62
IC	20	59	51	69	56
IC	21	53	57	57	61
IC	22	47	53	84	63
IC	23	64	48	76	66
IC	24	59	57	69	81
IC	25	69	60	75	69
IC	26	49	54	89	82
IC	27	49	59	77	66
IC	28	57	48	75	68
IC	29	50	47	69	64
IC	30	59	58	66	72
IC	31	45	54	80	77
IC	32	57	53	86	82
IC	33	71	66	90	81
IC	34	58	47	80	77
IC	35	53	51	80	58
IC	36	68	55	70	70
IC	37	60	63	68	82
IC	38	54	66	80	84
IC	39	59	50	85	66
IC	40	51	47	75	75
IC	41	49	45	73	70
IC	42	67	51	86	73
IC	43	66	65	89	77
IC	44	51	44	77	51
IC	45	53	73	72	58
IC	46	73	58	72	66
IC	47	72	62	82	61
IC	48	73	58	94	72
IC	49	74	52	82	79
IC	50	64	56	72	53
IC	51	78	60	80	77
IC	52	71	58	81	70
IC	53	57	54	83	72
IC	54	72	61	78	84
IC	55	66	67	72	67
IC	56	63	56	87	57
IC	57	48	65	77	81
IC	58	57	48	74	86
IC	59	64	42	80	73
IC	60	60	52	66	86
IC	61	67	58	73	75
IC	62	55	55	86	80
IC	63	62	61	77	75
IC	64	53	68	74	54
IC	65	45	42	77	80
IC	66	64	58	77	60
IC	67	73	51	85	80
IC	68	61	40	82	65
IC	69	52	51	74	61
IC	70	42	54	80	63
IC	71	52	61	82	74
IC	72	65	46	94	56
IC	73	64	38	83	59
IC	74	69	68	84	68
IC	75	55	57	78	69
IC	76	63	57	63	57
IC	77	51	64	63	55
IC	78	52	40	61	66
IC	79	60	59	82	74
IC	80	48	66	61	71
IC	81	54	45	75	84
IC	82	57	47	61	60
IC	83	44	46	82	63
IC	84	54	50	60	69
IC	85	42	51	68	70
IC	86	55	54	66	57
IC	87	44	43	46	73
IC	88	44	45	84	60
IC	89	62	30	54	57
IC	90	47	46	74	50
IC	91	39	42	52	54
IC	92	42	39	52	52
IC	93	45	34	74	49
IC	94	33	32	56	57
IC	95	43	35	61	61
IC	96	44	37	47	48
IC	97	36	21	53	44
IC	98	31	29	44	47
IC	99	44	23	45	50
IC	100	36	23	54	43
IC	101	22	23	33	27
IC	102	21	14	27	27
IC	103	17	21	29	25
IC	104	16	21	35	33
IC	105	16	15	18	37
IC	107	0	0	0	1
# Coverage distribution. Use `grep ^COV | cut -f 2-` to extract this part.
COV	[1-1]	1	2625127
COV	[2-2]	2	2921707
COV	[3-3]	3	2291549
COV	[4-4]	4	1394577
COV	[5-5]	5	706040
COV	[6-6]	6	312647
COV	[7-7]	7	125418
COV	[8-8]	8	47770
COV	[9-9]	9	19464
COV	[10-10]	10	9311
COV	[11-11]	11	5416
COV	[12-12]	12	4343
COV	[13-13]	13	3381
COV	[14-14]	14	2933
COV	[15-15]	15	2736
COV	[16-16]	16	2756
COV	[17-17]	17	2955
COV	[18-18]	18	3219
COV	[19-19]	19	2966
COV	[20-20]	20	3071
COV	[21-21]	21	3191
COV	[22-22]	22	3257
COV	[23-23]	23	2999
COV	[24-24]	24	3217
COV	[25-25]	25	3435
COV	[26-26]	26	3181
COV	[27-27]	27	3004
COV	[28-28]	28	2960
COV	[29-29]	29	2672
COV	[30-30]	30	2645
COV	[31-31]	31	2550
COV	[32-32]	32	2337
COV	[33-33]	33	2212
COV	[34-34]	34	1960
COV	[35-35]	35	1995
COV	[36-36]	36	1885
COV	[37-37]	37	1932
COV	[38-38]	38	1800
COV	[39-39]	39	1691
COV	[40-40]	40	1481
COV	[41-41]	41	1271
COV	[42-42]	42	1122
COV	[43-43]	43	991
COV	[44-44]	44	927
COV	[45-45]	45	695
COV	[46-46]	46	689
COV	[47-47]	47	547
COV	[48-48]	48	477
COV	[49-49]	49	367
COV	[50-50]	50	289
COV	[51-51]	51	215
COV	[52-52]	52	197
COV	[53-53]	53	154
COV	[54-54]	54	115
COV	[55-55]	55	91
COV	[56-56]	56	78
COV	[57-57]	57	67
COV	[58-58]	58	74
COV	[59-59]	59	73
COV	[60-60]	60	72
COV	[61-61]	61	67
COV	[62-62]	62	124
COV	[63-63]	63	127
COV	[64-64]	64	161
COV	[65-65]	65	139
COV	[66-66]	66	152
COV	[67-67]	67	178
COV	[68-68]	68	226
COV	[69-69]	69	224
COV	[70-70]	70	226
COV	[71-71]	71	200
COV	[72-72]	72	244
COV	[73-73]	73	221
COV	[74-74]	74	303
COV	[75-75]	75	358
COV	[76-76]	76	478
COV	[77-77]	77	528
COV	[78-78]	78	506
COV	[79-79]	79	554
COV	[80-80]	80	557
COV	[81-81]	81	480
COV	[82-82]	82	472
COV	[83-83]	83	460
COV	[84-84]	84	462
COV	[85-85]	85	413
COV	[86-86]	86	400
COV	[87-87]	87	387
COV	[88-88]	88	476
COV	[89-89]	89	460
COV	[90-90]	90	435
COV	[91-91]	91	369
COV	[92-92]	92	366
COV	[93-93]	93	341
COV	[94-94]	94	273
COV	[95-95]	95	274
COV	[96-96]	96	268
COV	[97-97]	97	266
COV	[98-98]	98	244
COV	[99-99]	99	250
COV	[100-100]	100	226
COV	[101-101]	101	253
COV	[102-102]	102	227
COV	[103-103]	103	206
COV	[104-104]	104	217
COV	[105-105]	105	181
COV	[106-106]	106	172
COV	[107-107]	107	166
COV	[108-108]	108	163
COV	[109-109]	109	132
COV	[110-110]	110	123
COV	[111-111]	111	126
COV	[112-112]	112	136
COV	[113-113]	113	138
COV	[114-114]	114	137
COV	[115-115]	115	118
COV	[116-116]	116	106
COV	[117-117]	117	105
COV	[118-118]	118	86
COV	[119-119]	119	82
COV	[120-120]	120	57
COV	[121-121]	121	31
COV	[122-122]	122	33
COV	[123-123]	123	30
COV	[124-124]	124	25
COV	[125-125]	125	20
COV	[126-126]	126	14
COV	[127-127]	127	13
COV	[128-128]	128	14
COV	[129-129]	129	11
COV	[130-130]	130	18
COV	[131-131]	131	25
COV	[132-132]	132	9
COV	[133-133]	133	10
COV	[134-134]	134	13
COV	[135-135]	135	7
COV	[136-136]	136	26
COV	[137-137]	137	19
COV	[138-138]	138	18
COV	[139-139]	139	21
COV	[140-140]	140	17
COV	[141-141]	141	18
COV	[142-142]	142	16
COV	[143-143]	143	12
COV	[144-144]	144	7
COV	[145-145]	145	8
COV	[146-146]	146	9
COV	[147-147]	147	4
COV	[148-148]	148	3
COV	[149-149]	149	10
COV	[150-150]	150	6
COV	[151-151]	151	8
COV	[152-152]	152	12
COV	[153-153]	153	10
COV	[154-154]	154	19
COV	[155-155]	155	16
COV	[156-156]	156	12
COV	[157-157]	157	13
COV	[158-158]	158	6
COV	[159-159]	159	2
COV	[160-160]	160	7
COV	[161-161]	161	7
COV	[162-162]	162	5
COV	[163-163]	163	9
COV	[164-164]	164	10
COV	[165-165]	165	9
COV	[166-166]	166	8
COV	[167-167]	167	9
COV	[168-168]	168	9
COV	[169-169]	169	14
COV	[170-170]	170	14
COV	[171-171]	171	26
COV	[172-172]	172	30
COV	[173-173]	173	17
COV	[174-174]	174	13
COV	[175-175]	175	15
COV	[176-176]	176	11
COV	[177-177]	177	13
COV	[178-178]	178	15
COV	[179-179]	179	1
COV	[180-180]	180	5
COV	[181-181]	181	8
COV	[182-182]	182	5
COV	[183-183]	183	8
COV	[184-184]	184	7
COV	[185-185]	185	17
COV	[186-186]	186	10
COV	[187-187]	187	15
COV	[188-188]	188	13
COV	[189-189]	189	13
COV	[190-190]	190	5
COV	[191-191]	191	2
COV	[192-192]	192	7
COV	[193-193]	193	12
COV	[194-194]	194	14
COV	[195-195]	195	16
COV	[196-196]	196	25
COV	[197-197]	197	17
COV	[198-198]	198	18
COV	[199-199]	199	13
COV	[200-200]	200	25
COV	[201-201]	201	19
COV	[202-202]	202	15
COV	[203-203]	203	15
COV	[204-204]	204	18
COV	[205-205]	205	21
COV	[206-206]	206	19
COV	[207-207]	207	24
COV	[208-208]	208	25
COV	[209-209]	209	7
COV	[210-210]	210	6
COV	[212-212]	212	1
COV	[213-213]	213	3
COV	[214-214]	214	2
COV	[215-215]	215	6
COV	[216-216]	216	8
COV	[217-217]	217	7
COV	[218-218]	218	8
COV	[219-219]	219	12
COV	[220-220]	220	8
COV	[221-221]	221	8
COV	[222-222]	222	13
COV	[223-223]	223	8
COV	[224-224]	224	7
COV	[225-225]	225	11
COV	[226-226]	226	4
COV	[227-227]	227	4
COV	[228-228]	228	4
COV	[229-229]	229	7
COV	[230-230]	230	2
COV	[231-231]	231	1
COV	[232-232]	232	3
COV	[233-233]	233	1
COV	[234-234]	234	8
COV	[235-235]	235	5
COV	[236-236]	236	4
COV	[237-237]	237	1
COV	[238-238]	238	1
COV	[240-240]	240	1
COV	[243-243]	243	1
COV	[244-244]	244	1
COV	[249-249]	249	1
COV	[252-252]	252	1
COV	[256-256]	256	1
COV	[259-259]	259	1
COV	[260-260]	260	3
COV	[262-262]	262	1
COV	[265-265]	265	2
COV	[268-268]	268	1
COV	[272-272]	272	2
COV	[273-273]	273	2
COV	[274-274]	274	2
COV	[275-275]	275	1
COV	[276-276]	276	4
COV	[277-277]	277	3
COV	[278-278]	278	2
COV	[279-279]	279	7
COV	[345-345]	345	1
COV	[366-366]	366	1
COV	[388-388]	388	1
COV	[391-391]	391	1
COV	[392-392]	392	8
COV	[393-393]	393	2
COV	[394-394]	394	11
COV	[395-395]	395	6
# GC-depth. Use `grep ^GCD | cut -f 2-` to extract this part. The columns are: GC%, unique sequence percentiles, 10th, 25th, 50th, 75th and 90th depth percentile
GCD	0.0	0.325	0.000	0.000	0.000	0.000	0.000
GCD	17.0	0.649	26.757	26.757	27.602	28.447	28.447
GCD	18.0	0.974	22.594	22.594	24.513	26.433	26.433
GCD	32.0	1.136	4.055	4.055	4.055	4.055	4.055
GCD	35.0	1.786	2.176	2.213	2.527	2.785	2.803
GCD	36.0	8.117	1.820	2.209	2.425	2.543	2.678
GCD	37.0	29.870	2.130	2.304	2.425	2.554	2.643
GCD	38.0	65.747	2.101	2.295	2.419	2.557	2.677
GCD	39.0	84.903	2.138	2.256	2.384	2.556	2.663
GCD	40.0	94.643	2.124	2.264	2.365	2.512	2.570
GCD	41.0	97.240	1.773	2.256	2.449	2.601	3.095
GCD	42.0	98.377	0.394	0.432	2.349	3.499	3.834
GCD	43.0	99.026	0.351	0.491	14.364	48.981	56.036
GCD	44.0	99.351	0.497	0.497	0.570	0.643	0.643
GCD	45.0	99.513	0.286	0.286	0.286	0.286	0.286
GCD	47.0	99.675	0.119	0.119	0.119	0.119	0.119
GCD	56.0	99.838	0.043	0.043	0.043	0.043	0.043
GCD	64.0	100.000	0.297	0.297	0.297	0.297	0.297
